0.000000 	 1.000000 	
0.140190 	 2.000000 	
0.181970 	 3.000000 	
0.182900 	 4.000000 	
0.223640 	 5.000000 	
0.224490 	 6.000000 	
0.227170 	 7.000000 	
0.228020 	 8.000000 	
0.264630 	 9.000000 	
0.265500 	 10.000000 	
0.266430 	 11.000000 	
0.267470 	 12.000000 	
0.268320 	 13.000000 	
0.269240 	 14.000000 	
0.270100 	 15.000000 	
0.270950 	 16.000000 	
0.307290 	 17.000000 	
0.308220 	 18.000000 	
0.309160 	 19.000000 	
0.314550 	 20.000000 	
0.314610 	 20.050000 	
0.314670 	 20.100000 	
0.314730 	 20.150000 	
0.314790 	 20.199000 	
0.315180 	 20.249000 	
0.316110 	 20.298000 	
0.316980 	 20.347000 	
0.317980 	 20.397000 	
0.318710 	 20.446000 	
0.319560 	 20.494000 	
0.320410 	 20.543000 	
0.321340 	 20.592000 	
0.348190 	 20.641000 	
0.349120 	 20.689000 	
0.350000 	 20.737000 	
0.390910 	 20.786000 	
0.390970 	 20.834000 	
0.391030 	 20.882000 	
0.391090 	 20.930000 	
0.391150 	 20.977000 	
0.391210 	 21.025000 	
0.391270 	 21.073000 	
0.391330 	 21.120000 	
0.391390 	 21.167000 	
0.391460 	 21.215000 	
0.391520 	 21.262000 	
0.391580 	 21.309000 	
0.391640 	 21.356000 	
0.392570 	 21.403000 	
0.425470 	 21.449000 	
0.425540 	 21.496000 	
0.425600 	 21.542000 	
0.425660 	 21.589000 	
0.425720 	 21.635000 	
0.425780 	 21.681000 	
0.431810 	 21.727000 	
0.432660 	 21.773000 	
0.433750 	 21.819000 	
0.434690 	 21.865000 	
0.435580 	 21.911000 	
0.436500 	 21.957000 	
0.437370 	 22.002000 	
0.438300 	 22.048000 	
0.439150 	 22.093000 	
0.440020 	 22.138000 	
0.440900 	 22.183000 	
0.441820 	 22.228000 	
0.442750 	 22.273000 	
0.443600 	 22.318000 	
0.467160 	 22.363000 	
0.468080 	 22.408000 	
0.468960 	 22.453000 	
0.469880 	 22.497000 	
0.470760 	 22.542000 	
0.471610 	 22.586000 	
0.473510 	 22.630000 	
0.476360 	 22.674000 	
0.476490 	 22.718000 	
0.476550 	 22.762000 	
0.477830 	 22.806000 	
0.479680 	 22.850000 	
0.479760 	 22.894000 	
0.479840 	 22.938000 	
0.480780 	 22.981000 	
0.508160 	 23.025000 	
0.508220 	 23.068000 	
0.508280 	 23.112000 	
0.508340 	 23.155000 	
0.508400 	 23.198000 	
0.510660 	 23.241000 	
0.511510 	 23.284000 	
0.512360 	 23.327000 	
0.513210 	 23.370000 	
0.514070 	 23.413000 	
0.514920 	 23.455000 	
0.515770 	 23.498000 	
0.517260 	 23.541000 	
0.518110 	 23.583000 	
0.518970 	 23.626000 	
0.519820 	 23.668000 	
0.520670 	 23.710000 	
0.521600 	 23.752000 	
0.522450 	 23.794000 	
0.523320 	 23.836000 	
0.562340 	 23.878000 	
0.563190 	 23.920000 	
0.564040 	 23.962000 	
0.564890 	 24.004000 	
0.565830 	 24.045000 	
0.566700 	 24.087000 	
0.567630 	 24.129000 	
0.568550 	 24.170000 	
0.569480 	 24.211000 	
0.570400 	 24.253000 	
0.571250 	 24.294000 	
0.572180 	 24.335000 	
0.573050 	 24.376000 	
0.573900 	 24.417000 	
0.574760 	 24.458000 	
0.575610 	 24.499000 	
0.576460 	 24.540000 	
0.577390 	 24.581000 	
0.578240 	 24.621000 	
0.579090 	 24.662000 	
0.603430 	 24.702000 	
0.604310 	 24.743000 	
0.605180 	 24.783000 	
0.606050 	 24.824000 	
0.606930 	 24.864000 	
0.607800 	 24.904000 	
0.608680 	 24.944000 	
0.609600 	 24.984000 	
0.610470 	 25.024000 	
0.611330 	 25.064000 	
0.612200 	 25.104000 	
0.613080 	 25.144000 	
0.613950 	 25.184000 	
0.614830 	 25.224000 	
0.615700 	 25.263000 	
0.616550 	 25.303000 	
0.617410 	 25.342000 	
0.618290 	 25.382000 	
0.619140 	 25.421000 	
0.620000 	 25.461000 	
0.644390 	 25.500000 	
0.672240 	 25.539000 	
0.672760 	 25.578000 	
0.676420 	 25.617000 	
0.676480 	 25.656000 	
0.676540 	 25.695000 	
0.676600 	 25.734000 	
0.677340 	 25.773000 	
0.678220 	 25.812000 	
0.679070 	 25.851000 	
0.679920 	 25.889000 	
0.680780 	 25.928000 	
0.681630 	 25.967000 	
0.682550 	 26.005000 	
0.683410 	 26.044000 	
0.684260 	 26.082000 	
0.685990 	 26.120000 	
0.694000 	 26.159000 	
0.694550 	 26.197000 	
0.695490 	 26.235000 	
0.696410 	 26.273000 	
0.713140 	 26.311000 	
0.713990 	 26.349000 	
0.717470 	 26.387000 	
0.718180 	 26.425000 	
0.719030 	 26.463000 	
0.719880 	 26.501000 	
0.720740 	 26.538000 	
0.721660 	 26.576000 	
0.722510 	 26.614000 	
0.723370 	 26.651000 	
0.724220 	 26.689000 	
0.725070 	 26.726000 	
0.725920 	 26.764000 	
0.726780 	 26.801000 	
0.727630 	 26.838000 	
0.728480 	 26.876000 	
0.774510 	 26.913000 	
0.774570 	 26.950000 	
0.774630 	 26.987000 	
0.774690 	 27.024000 	
0.774750 	 27.061000 	
0.774820 	 27.098000 	
0.774880 	 27.135000 	
0.774940 	 27.172000 	
0.775000 	 27.209000 	
0.775060 	 27.245000 	
0.775770 	 27.282000 	
0.776620 	 27.319000 	
0.777490 	 27.355000 	
0.778350 	 27.392000 	
0.779200 	 27.428000 	
0.780050 	 27.465000 	
0.780900 	 27.501000 	
0.781760 	 27.538000 	
0.782610 	 27.574000 	
0.783460 	 27.610000 	
0.821610 	 27.646000 	
0.822460 	 27.683000 	
0.823320 	 27.719000 	
0.824170 	 27.755000 	
0.825020 	 27.791000 	
0.825900 	 27.827000 	
0.826750 	 27.863000 	
0.827600 	 27.899000 	
0.828450 	 27.934000 	
0.829310 	 27.970000 	
0.830160 	 28.006000 	
0.831010 	 28.042000 	
0.831870 	 28.077000 	
0.832720 	 28.113000 	
0.833570 	 28.149000 	
0.834420 	 28.184000 	
0.835300 	 28.220000 	
0.836150 	 28.255000 	
0.837000 	 28.290000 	
0.837860 	 28.326000 	
0.862510 	 28.361000 	
0.863370 	 28.396000 	
0.864220 	 28.432000 	
0.865070 	 28.467000 	
0.865920 	 28.502000 	
0.866800 	 28.537000 	
0.867650 	 28.572000 	
0.868500 	 28.607000 	
0.869360 	 28.642000 	
0.870210 	 28.677000 	
0.871060 	 28.712000 	
0.871990 	 28.747000 	
0.872840 	 28.781000 	
0.873690 	 28.816000 	
0.874550 	 28.851000 	
0.875400 	 28.885000 	
0.876250 	 28.920000 	
0.877100 	 28.955000 	
0.878250 	 28.989000 	
0.879950 	 29.024000 	
0.917130 	 29.058000 	
0.917190 	 29.093000 	
0.917250 	 29.127000 	
0.917310 	 29.161000 	
0.917370 	 29.196000 	
0.917430 	 29.230000 	
0.917490 	 29.264000 	
0.917550 	 29.298000 	
0.917610 	 29.332000 	
0.917670 	 29.366000 	
0.917740 	 29.400000 	
0.917800 	 29.434000 	
0.917860 	 29.468000 	
0.917920 	 29.502000 	
0.917980 	 29.536000 	
0.918040 	 29.570000 	
0.918100 	 29.604000 	
0.918160 	 29.638000 	
0.919730 	 29.671000 	
0.921460 	 29.705000 	
0.959110 	 29.739000 	
0.959190 	 29.772000 	
0.961100 	 29.806000 	
0.961460 	 29.840000 	
0.963970 	 29.873000 	
0.965020 	 29.907000 	
0.974030 	 29.940000 	
0.983740 	 29.973000 	
0.983940 	 30.007000 	
0.984880 	 30.040000 	
0.985950 	 30.073000 	
0.986820 	 30.107000 	
0.987860 	 30.140000 	
0.988790 	 30.173000 	
0.989660 	 30.206000 	
0.990510 	 30.239000 	
0.991370 	 30.272000 	
0.992220 	 30.305000 	
0.993090 	 30.338000 	
0.993950 	 30.371000 	
1.000580 	 30.404000 	
1.001720 	 30.437000 	
1.002720 	 30.470000 	
1.003730 	 30.503000 	
1.005730 	 30.536000 	
1.072020 	 30.568000 	
1.072080 	 30.601000 	
1.072140 	 30.634000 	
1.072200 	 30.666000 	
1.072270 	 30.699000 	
1.072330 	 30.732000 	
1.072390 	 30.764000 	
1.072450 	 30.797000 	
1.072510 	 30.829000 	
1.072570 	 30.862000 	
1.072630 	 30.894000 	
1.072690 	 30.926000 	
1.072750 	 30.959000 	
1.072810 	 30.991000 	
1.072870 	 31.023000 	
1.072930 	 31.055000 	
1.073000 	 31.088000 	
1.073060 	 31.120000 	
1.073120 	 31.152000 	
1.073180 	 31.184000 	
1.112920 	 31.216000 	
1.113780 	 31.248000 	
1.114770 	 31.280000 	
1.115700 	 31.312000 	
1.116630 	 31.344000 	
1.117480 	 31.376000 	
1.118410 	 31.408000 	
1.119750 	 31.440000 	
1.120700 	 31.471000 	
1.121670 	 31.503000 	
1.123540 	 31.535000 	
1.123620 	 31.567000 	
1.123760 	 31.598000 	
1.124690 	 31.630000 	
1.152590 	 31.662000 	
1.152670 	 31.693000 	
1.152730 	 31.725000 	
1.152790 	 31.756000 	
1.152850 	 31.788000 	
1.153000 	 31.819000 	
1.156520 	 31.851000 	
1.156580 	 31.882000 	
1.156640 	 31.913000 	
1.156840 	 31.945000 	
1.157690 	 31.976000 	
1.158620 	 32.007000 	
1.159490 	 32.039000 	
1.160650 	 32.070000 	
1.161600 	 32.101000 	
1.162570 	 32.132000 	
1.164440 	 32.163000 	
1.165300 	 32.194000 	
1.166180 	 32.225000 	
1.167110 	 32.256000 	
1.193690 	 32.287000 	
1.194420 	 32.318000 	
1.195290 	 32.349000 	
1.196160 	 32.380000 	
1.197020 	 32.411000 	
1.197870 	 32.442000 	
1.198720 	 32.473000 	
1.199650 	 32.504000 	
1.200520 	 32.534000 	
1.201370 	 32.565000 	
1.202230 	 32.596000 	
1.203080 	 32.627000 	
1.203930 	 32.657000 	
1.204810 	 32.688000 	
1.205660 	 32.718000 	
1.206510 	 32.749000 	
1.207440 	 32.779000 	
1.208290 	 32.810000 	
1.209210 	 32.840000 	
1.210070 	 32.871000 	
1.234590 	 32.901000 	
1.235440 	 32.932000 	
1.236300 	 32.962000 	
1.237150 	 32.992000 	
1.238000 	 33.023000 	
1.238850 	 33.053000 	
1.239710 	 33.083000 	
1.240560 	 33.114000 	
1.241420 	 33.144000 	
1.242280 	 33.174000 	
1.243130 	 33.204000 	
1.244080 	 33.234000 	
1.244830 	 33.264000 	
1.245710 	 33.294000 	
1.246560 	 33.324000 	
1.247410 	 33.354000 	
1.248340 	 33.384000 	
1.249190 	 33.414000 	
1.250120 	 33.444000 	
1.250970 	 33.474000 	
1.276290 	 33.504000 	
1.276370 	 33.534000 	
1.281890 	 33.564000 	
1.281950 	 33.593000 	
1.282010 	 33.623000 	
1.282070 	 33.653000 	
1.282130 	 33.683000 	
1.282190 	 33.712000 	
1.282330 	 33.742000 	
1.283180 	 33.772000 	
1.284030 	 33.801000 	
1.317180 	 33.831000 	
1.317360 	 33.860000 	
1.319280 	 33.890000 	
1.320200 	 33.919000 	
1.323050 	 33.949000 	
1.323110 	 33.978000 	
1.323850 	 34.008000 	
1.324730 	 34.037000 	
1.325600 	 34.067000 	
1.347480 	 34.096000 	
1.348490 	 34.125000 	
1.349200 	 34.155000 	
1.350120 	 34.184000 	
1.351050 	 34.213000 	
1.351920 	 34.242000 	
1.352780 	 34.272000 	
1.353630 	 34.301000 	
1.354480 	 34.330000 	
1.355360 	 34.359000 	
1.356210 	 34.388000 	
1.358080 	 34.417000 	
1.358930 	 34.446000 	
1.365540 	 34.475000 	
1.365600 	 34.504000 	
1.365680 	 34.533000 	
1.365820 	 34.562000 	
1.368410 	 34.591000 	
1.368470 	 34.620000 	
1.369420 	 34.649000 	
1.389560 	 34.678000 	
1.389620 	 34.707000 	
1.392210 	 34.735000 	
1.392290 	 34.764000 	
1.392370 	 34.793000 	
1.393000 	 34.822000 	
1.393790 	 34.850000 	
1.395060 	 34.879000 	
1.396890 	 34.908000 	
1.397020 	 34.936000 	
1.397270 	 34.965000 	
1.399850 	 34.994000 	
1.400720 	 35.022000 	
1.411330 	 35.051000 	
1.411910 	 35.079000 	
1.415590 	 35.108000 	
1.417450 	 35.136000 	
1.417640 	 35.165000 	
1.433970 	 35.193000 	
1.434030 	 35.222000 	
1.434090 	 35.250000 	
1.434150 	 35.278000 	
1.468380 	 35.307000 	
1.469320 	 35.335000 	
1.470310 	 35.363000 	
1.471180 	 35.392000 	
1.472110 	 35.420000 	
1.473920 	 35.448000 	
1.497260 	 35.476000 	
1.497320 	 35.505000 	
1.497380 	 35.533000 	
1.497450 	 35.561000 	
1.497510 	 35.589000 	
1.497650 	 35.617000 	
1.498530 	 35.645000 	
1.499450 	 35.673000 	
1.500330 	 35.701000 	
1.501250 	 35.729000 	
1.502100 	 35.757000 	
1.503120 	 35.785000 	
1.503900 	 35.813000 	
1.504780 	 35.841000 	
1.510040 	 35.869000 	
1.510900 	 35.897000 	
1.511750 	 35.925000 	
1.512600 	 35.953000 	
1.513460 	 35.980000 	
1.515600 	 36.008000 	
1.539040 	 36.036000 	
1.539120 	 36.064000 	
1.540170 	 36.091000 	
1.540720 	 36.119000 	
1.541580 	 36.147000 	
1.542430 	 36.174000 	
1.567080 	 36.202000 	
1.567140 	 36.230000 	
1.567200 	 36.257000 	
1.567260 	 36.285000 	
1.567880 	 36.312000 	
1.568820 	 36.340000 	
1.569740 	 36.368000 	
1.570590 	 36.395000 	
1.571450 	 36.423000 	
1.572300 	 36.450000 	
1.573220 	 36.477000 	
1.574080 	 36.505000 	
1.574950 	 36.532000 	
1.575800 	 36.560000 	
1.580150 	 36.587000 	
1.616110 	 36.614000 	
1.616170 	 36.642000 	
1.616230 	 36.669000 	
1.616290 	 36.696000 	
1.616350 	 36.723000 	
1.616410 	 36.751000 	
1.616470 	 36.778000 	
1.616530 	 36.805000 	
1.616590 	 36.832000 	
1.616660 	 36.859000 	
1.616720 	 36.886000 	
1.617180 	 36.914000 	
1.618050 	 36.941000 	
1.618930 	 36.968000 	
1.619800 	 36.995000 	
1.620670 	 37.022000 	
1.621550 	 37.049000 	
1.622470 	 37.076000 	
1.623400 	 37.103000 	
1.624250 	 37.130000 	
1.664880 	 37.157000 	
1.664940 	 37.184000 	
1.665000 	 37.210000 	
1.665070 	 37.237000 	
1.665130 	 37.264000 	
1.665190 	 37.291000 	
1.665250 	 37.318000 	
1.665310 	 37.345000 	
1.665370 	 37.371000 	
1.665430 	 37.398000 	
1.666100 	 37.425000 	
1.666970 	 37.452000 	
1.667830 	 37.478000 	
1.668680 	 37.505000 	
1.669570 	 37.532000 	
1.670440 	 37.558000 	
1.671360 	 37.585000 	
1.672240 	 37.612000 	
1.673110 	 37.638000 	
1.673960 	 37.665000 	
1.706200 	 37.691000 	
1.712010 	 37.718000 	
1.712070 	 37.744000 	
1.712130 	 37.771000 	
1.712190 	 37.797000 	
1.712250 	 37.824000 	
1.712310 	 37.850000 	
1.712790 	 37.877000 	
1.713660 	 37.903000 	
1.714530 	 37.929000 	
1.715390 	 37.956000 	
1.716440 	 37.982000 	
1.717320 	 38.008000 	
1.719180 	 38.035000 	
1.719390 	 38.061000 	
1.720320 	 38.087000 	
1.766050 	 38.114000 	
1.808300 	 38.140000 	
1.822680 	 38.166000 	
1.822740 	 38.192000 	
1.822800 	 38.218000 	
1.822860 	 38.245000 	
1.822990 	 38.271000 	
1.823870 	 38.297000 	
1.824720 	 38.323000 	
1.825640 	 38.349000 	
1.826500 	 38.375000 	
1.827480 	 38.401000 	
1.828200 	 38.427000 	
1.829240 	 38.453000 	
1.830190 	 38.479000 	
1.831120 	 38.505000 	
1.831990 	 38.531000 	
1.832910 	 38.557000 	
1.833790 	 38.583000 	
1.834710 	 38.609000 	
1.835560 	 38.635000 	
1.880860 	 38.661000 	
1.880920 	 38.687000 	
1.880980 	 38.713000 	
1.881040 	 38.738000 	
1.881110 	 38.764000 	
1.881170 	 38.790000 	
1.881230 	 38.816000 	
1.881290 	 38.842000 	
1.881350 	 38.867000 	
1.881410 	 38.893000 	
1.881470 	 38.919000 	
1.881530 	 38.944000 	
1.881590 	 38.970000 	
1.881670 	 38.996000 	
1.881820 	 39.021000 	
1.881880 	 39.047000 	
1.881940 	 39.073000 	
1.882000 	 39.098000 	
1.882060 	 39.124000 	
1.882120 	 39.149000 	
1.922460 	 39.175000 	
1.945560 	 39.200000 	
1.946490 	 39.226000 	
1.947710 	 39.251000 	
1.948580 	 39.277000 	
1.951240 	 39.302000 	
1.951300 	 39.328000 	
1.951440 	 39.353000 	
1.952480 	 39.379000 	
1.953410 	 39.404000 	
1.954280 	 39.429000 	
1.955150 	 39.455000 	
1.956080 	 39.480000 	
1.956930 	 39.505000 	
1.957780 	 39.531000 	
1.958710 	 39.556000 	
1.959560 	 39.581000 	
1.960410 	 39.607000 	
1.961270 	 39.632000 	
1.962120 	 39.657000 	
1.963830 	 39.682000 	
1.987930 	 39.708000 	
2.003970 	 39.733000 	
2.004030 	 39.758000 	
2.004090 	 39.783000 	
2.004150 	 39.808000 	
2.004210 	 39.833000 	
2.004270 	 39.858000 	
2.004330 	 39.883000 	
2.004390 	 39.909000 	
2.004450 	 39.934000 	
2.004520 	 39.959000 	
2.004580 	 39.984000 	
2.004640 	 40.009000 	
2.004700 	 40.034000 	
2.004760 	 40.059000 	
2.004820 	 40.084000 	
2.004880 	 40.109000 	
2.004940 	 40.133000 	
2.005250 	 40.158000 	
2.006180 	 40.183000 	
2.029280 	 40.208000 	
2.044870 	 40.233000 	
2.045720 	 40.258000 	
2.047190 	 40.283000 	
2.048120 	 40.308000 	
2.067160 	 40.332000 	
2.068160 	 40.357000 	
2.069090 	 40.382000 	
2.070080 	 40.407000 	
2.070850 	 40.431000 	
2.071730 	 40.456000 	
2.072650 	 40.481000 	
2.073680 	 40.506000 	
2.074490 	 40.530000 	
2.075350 	 40.555000 	
2.076230 	 40.580000 	
2.077080 	 40.604000 	
2.078000 	 40.629000 	
2.078860 	 40.654000 	
2.079710 	 40.678000 	
2.080560 	 40.703000 	
2.085790 	 40.727000 	
2.086640 	 40.752000 	
2.088160 	 40.776000 	
2.089080 	 40.801000 	
2.128710 	 40.825000 	
2.128770 	 40.850000 	
2.128830 	 40.874000 	
2.128910 	 40.899000 	
2.129540 	 40.923000 	
2.129620 	 40.948000 	
2.129680 	 40.972000 	
2.129760 	 40.997000 	
2.129910 	 41.021000 	
2.129970 	 41.045000 	
2.130030 	 41.070000 	
2.130090 	 41.094000 	
2.130150 	 41.118000 	
2.130210 	 41.143000 	
2.130270 	 41.167000 	
2.130330 	 41.191000 	
2.166530 	 41.216000 	
2.166630 	 41.240000 	
2.185040 	 41.264000 	
2.185890 	 41.288000 	
2.188290 	 41.313000 	
2.188860 	 41.337000 	
2.189730 	 41.361000 	
2.190610 	 41.385000 	
2.191480 	 41.409000 	
2.192350 	 41.433000 	
2.193210 	 41.458000 	
2.194080 	 41.482000 	
2.194930 	 41.506000 	
2.195810 	 41.530000 	
2.196660 	 41.554000 	
2.197510 	 41.578000 	
2.199240 	 41.602000 	
2.200090 	 41.626000 	
2.200940 	 41.650000 	
2.201800 	 41.674000 	
2.208060 	 41.698000 	
2.209040 	 41.722000 	
2.226300 	 41.746000 	
2.227180 	 41.770000 	
2.229960 	 41.794000 	
2.230850 	 41.818000 	
2.231720 	 41.842000 	
2.232650 	 41.866000 	
2.233500 	 41.890000 	
2.234350 	 41.913000 	
2.235280 	 41.937000 	
2.236130 	 41.961000 	
2.236980 	 41.985000 	
2.237830 	 42.009000 	
2.238690 	 42.033000 	
2.239560 	 42.056000 	
2.240410 	 42.080000 	
2.241270 	 42.104000 	
2.242140 	 42.128000 	
2.242990 	 42.151000 	
2.249270 	 42.175000 	
2.251070 	 42.199000 	
2.306030 	 42.223000 	
2.306090 	 42.246000 	
2.306150 	 42.270000 	
2.306210 	 42.294000 	
2.306270 	 42.317000 	
2.306330 	 42.341000 	
2.307120 	 42.365000 	
2.308000 	 42.388000 	
2.331380 	 42.412000 	
2.331460 	 42.435000 	
2.331520 	 42.459000 	
2.333720 	 42.482000 	
2.333790 	 42.506000 	
2.333850 	 42.529000 	
2.335920 	 42.553000 	
2.335980 	 42.576000 	
2.336460 	 42.600000 	
2.337380 	 42.623000 	
2.338260 	 42.647000 	
2.339110 	 42.670000 	
2.346930 	 42.694000 	
2.347780 	 42.717000 	
2.348710 	 42.741000 	
2.349560 	 42.764000 	
2.350430 	 42.787000 	
2.351310 	 42.811000 	
2.355790 	 42.834000 	
2.356800 	 42.857000 	
2.372280 	 42.881000 	
2.373210 	 42.904000 	
2.374060 	 42.927000 	
2.374910 	 42.951000 	
2.375770 	 42.974000 	
2.376700 	 42.997000 	
2.377790 	 43.021000 	
2.378640 	 43.044000 	
2.380720 	 43.067000 	
2.380780 	 43.090000 	
2.381200 	 43.113000 	
2.382060 	 43.137000 	
2.387830 	 43.160000 	
2.388680 	 43.183000 	
2.389610 	 43.206000 	
2.390460 	 43.229000 	
2.391340 	 43.252000 	
2.392210 	 43.276000 	
2.396690 	 43.299000 	
2.397700 	 43.322000 	
2.413890 	 43.345000 	
2.414110 	 43.368000 	
2.414960 	 43.391000 	
2.417620 	 43.414000 	
2.417680 	 43.437000 	
2.417740 	 43.460000 	
2.444500 	 43.483000 	
2.444560 	 43.506000 	
2.444620 	 43.529000 	
2.444680 	 43.552000 	
2.444830 	 43.575000 	
2.444890 	 43.598000 	
2.444950 	 43.621000 	
2.445090 	 43.644000 	
2.445150 	 43.667000 	
2.445210 	 43.690000 	
2.445270 	 43.712000 	
2.445330 	 43.735000 	
2.445390 	 43.758000 	
2.445450 	 43.781000 	
2.461150 	 43.804000 	
2.492280 	 43.827000 	
2.492340 	 43.850000 	
2.492400 	 43.872000 	
2.492460 	 43.895000 	
2.492520 	 43.918000 	
2.492580 	 43.941000 	
2.492650 	 43.963000 	
2.492710 	 43.986000 	
2.492770 	 44.009000 	
2.492830 	 44.032000 	
2.492890 	 44.054000 	
2.492950 	 44.077000 	
2.493010 	 44.100000 	
2.493710 	 44.122000 	
2.494580 	 44.145000 	
2.497440 	 44.168000 	
2.497500 	 44.190000 	
2.497680 	 44.213000 	
2.501610 	 44.236000 	
2.506350 	 44.258000 	
2.533210 	 44.281000 	
2.557400 	 44.303000 	
2.557460 	 44.326000 	
2.557520 	 44.349000 	
2.557580 	 44.371000 	
2.557650 	 44.394000 	
2.557710 	 44.416000 	
2.557770 	 44.439000 	
2.557830 	 44.461000 	
2.557890 	 44.484000 	
2.557950 	 44.506000 	
2.558010 	 44.529000 	
2.558070 	 44.551000 	
2.558130 	 44.574000 	
2.558190 	 44.596000 	
2.559590 	 44.618000 	
2.565550 	 44.641000 	
2.566540 	 44.663000 	
2.567280 	 44.686000 	
2.568130 	 44.708000 	
2.574120 	 44.730000 	
2.622240 	 44.753000 	
2.622300 	 44.775000 	
2.622360 	 44.797000 	
2.622420 	 44.820000 	
2.622480 	 44.842000 	
2.622550 	 44.864000 	
2.622610 	 44.887000 	
2.622670 	 44.909000 	
2.622730 	 44.931000 	
2.622790 	 44.953000 	
2.622870 	 44.976000 	
2.623010 	 44.998000 	
2.623070 	 45.020000 	
2.623130 	 45.042000 	
2.623200 	 45.065000 	
2.623260 	 45.087000 	
2.623320 	 45.109000 	
2.623380 	 45.131000 	
2.623440 	 45.153000 	
2.623500 	 45.175000 	
2.663710 	 45.198000 	
2.664590 	 45.220000 	
2.665460 	 45.242000 	
2.666390 	 45.264000 	
2.667310 	 45.286000 	
2.668240 	 45.308000 	
2.669110 	 45.330000 	
2.669960 	 45.352000 	
2.670820 	 45.374000 	
2.671740 	 45.396000 	
2.672590 	 45.418000 	
2.673450 	 45.440000 	
2.674300 	 45.462000 	
2.675150 	 45.484000 	
2.676000 	 45.506000 	
2.676880 	 45.528000 	
2.677750 	 45.550000 	
2.679020 	 45.572000 	
2.679890 	 45.594000 	
2.680760 	 45.616000 	
2.705290 	 45.638000 	
2.721660 	 45.660000 	
2.721720 	 45.682000 	
2.721780 	 45.704000 	
2.721840 	 45.726000 	
2.721900 	 45.747000 	
2.721960 	 45.769000 	
2.722030 	 45.791000 	
2.722090 	 45.813000 	
2.722150 	 45.835000 	
2.722210 	 45.857000 	
2.722270 	 45.878000 	
2.722330 	 45.900000 	
2.722390 	 45.922000 	
2.722450 	 45.944000 	
2.722510 	 45.966000 	
2.722570 	 45.987000 	
2.722630 	 46.009000 	
2.722690 	 46.031000 	
2.722760 	 46.053000 	
2.746960 	 46.074000 	
2.762560 	 46.096000 	
2.763420 	 46.118000 	
2.764270 	 46.139000 	
2.765620 	 46.161000 	
2.790940 	 46.183000 	
2.791000 	 46.204000 	
2.791060 	 46.226000 	
2.791120 	 46.248000 	
2.791420 	 46.269000 	
2.791480 	 46.291000 	
2.791540 	 46.312000 	
2.791600 	 46.334000 	
2.791660 	 46.356000 	
2.791720 	 46.377000 	
2.791780 	 46.399000 	
2.791850 	 46.420000 	
2.791910 	 46.442000 	
2.791970 	 46.463000 	
2.792030 	 46.485000 	
2.792120 	 46.506000 	
2.804160 	 46.528000 	
2.805020 	 46.549000 	
2.805870 	 46.571000 	
2.807200 	 46.592000 	
2.848100 	 46.614000 	
2.848290 	 46.635000 	
2.848360 	 46.657000 	
2.852420 	 46.678000 	
2.853290 	 46.700000 	
2.854300 	 46.721000 	
2.855170 	 46.742000 	
2.856040 	 46.764000 	
2.856960 	 46.785000 	
2.857850 	 46.807000 	
2.858730 	 46.828000 	
2.859600 	 46.849000 	
2.860450 	 46.871000 	
2.861330 	 46.892000 	
2.862180 	 46.913000 	
2.863100 	 46.935000 	
2.864030 	 46.956000 	
2.864880 	 46.977000 	
2.865740 	 46.998000 	
2.866660 	 47.020000 	
2.890360 	 47.041000 	
2.890420 	 47.062000 	
2.890790 	 47.084000 	
2.893430 	 47.105000 	
2.895520 	 47.126000 	
2.895580 	 47.147000 	
2.896070 	 47.168000 	
2.896940 	 47.190000 	
2.930600 	 47.211000 	
2.930660 	 47.232000 	
2.930720 	 47.253000 	
2.930790 	 47.274000 	
2.930850 	 47.295000 	
2.930910 	 47.317000 	
2.930970 	 47.338000 	
2.931500 	 47.359000 	
2.932350 	 47.380000 	
2.933200 	 47.401000 	
2.934050 	 47.422000 	
2.934930 	 47.443000 	
2.935780 	 47.464000 	
2.936700 	 47.485000 	
2.937560 	 47.506000 	
2.938410 	 47.528000 	
2.940150 	 47.549000 	
2.941020 	 47.570000 	
2.941900 	 47.591000 	
2.942770 	 47.612000 	
2.971510 	 47.633000 	
2.972360 	 47.654000 	
2.973210 	 47.675000 	
2.974060 	 47.696000 	
2.974920 	 47.717000 	
2.975770 	 47.738000 	
2.976620 	 47.758000 	
2.977480 	 47.779000 	
2.978330 	 47.800000 	
2.979250 	 47.821000 	
2.980110 	 47.842000 	
2.980960 	 47.863000 	
2.981810 	 47.884000 	
2.982680 	 47.905000 	
2.983520 	 47.926000 	
2.984370 	 47.947000 	
2.985220 	 47.967000 	
2.986080 	 47.988000 	
2.986930 	 48.009000 	
2.987780 	 48.030000 	
3.013230 	 48.051000 	
3.013320 	 48.072000 	
3.014250 	 48.092000 	
3.015180 	 48.113000 	
3.016120 	 48.134000 	
3.020980 	 48.155000 	
3.021040 	 48.176000 	
3.021100 	 48.196000 	
3.021160 	 48.217000 	
3.021220 	 48.238000 	
3.021280 	 48.258000 	
3.021860 	 48.279000 	
3.022710 	 48.300000 	
3.064680 	 48.321000 	
3.064810 	 48.341000 	
3.065740 	 48.362000 	
3.065830 	 48.383000 	
3.067150 	 48.403000 	
3.108130 	 48.424000 	
3.108190 	 48.445000 	
3.108250 	 48.465000 	
3.108310 	 48.486000 	
3.108370 	 48.507000 	
3.108430 	 48.527000 	
3.108490 	 48.548000 	
3.108550 	 48.568000 	
3.108610 	 48.589000 	
3.108670 	 48.610000 	
3.108730 	 48.630000 	
3.108800 	 48.651000 	
3.108860 	 48.671000 	
3.108920 	 48.692000 	
3.108980 	 48.712000 	
3.109040 	 48.733000 	
3.109100 	 48.753000 	
3.109160 	 48.774000 	
3.109220 	 48.794000 	
3.109280 	 48.815000 	
3.149290 	 48.835000 	
3.149880 	 48.856000 	
3.150730 	 48.876000 	
3.151750 	 48.897000 	
3.152760 	 48.917000 	
3.153510 	 48.938000 	
3.154390 	 48.958000 	
3.155260 	 48.979000 	
3.156190 	 48.999000 	
3.157040 	 49.019000 	
3.157960 	 49.040000 	
3.158820 	 49.060000 	
3.159670 	 49.081000 	
3.160520 	 49.101000 	
3.161450 	 49.121000 	
3.162300 	 49.142000 	
3.163150 	 49.162000 	
3.164000 	 49.182000 	
3.164880 	 49.203000 	
3.165870 	 49.223000 	
3.190720 	 49.243000 	
3.191660 	 49.264000 	
3.213300 	 49.284000 	
3.213360 	 49.304000 	
3.213420 	 49.324000 	
3.213480 	 49.345000 	
3.213540 	 49.365000 	
3.213640 	 49.385000 	
3.213700 	 49.406000 	
3.214000 	 49.426000 	
3.214060 	 49.446000 	
3.214120 	 49.466000 	
3.214180 	 49.486000 	
3.214260 	 49.507000 	
3.214320 	 49.527000 	
3.214380 	 49.547000 	
3.214440 	 49.567000 	
3.214500 	 49.587000 	
3.214560 	 49.608000 	
3.214620 	 49.628000 	
3.231630 	 49.648000 	
3.232560 	 49.668000 	
3.254330 	 49.688000 	
3.255180 	 49.708000 	
3.256030 	 49.728000 	
3.257770 	 49.748000 	
3.258650 	 49.769000 	
3.260370 	 49.789000 	
3.277440 	 49.809000 	
3.278850 	 49.829000 	
3.278910 	 49.849000 	
3.278970 	 49.869000 	
3.279030 	 49.889000 	
3.279120 	 49.909000 	
3.279180 	 49.929000 	
3.279240 	 49.949000 	
3.279300 	 49.969000 	
3.279360 	 49.989000 	
3.279420 	 50.009000 	
3.279480 	 50.029000 	
3.279540 	 50.049000 	
3.279600 	 50.069000 	
3.297410 	 50.089000 	
3.303640 	 50.109000 	
3.303700 	 50.129000 	
3.303760 	 50.149000 	
3.304890 	 50.169000 	
3.304960 	 50.189000 	
3.319050 	 50.209000 	
3.352660 	 50.229000 	
3.352960 	 50.249000 	
3.353020 	 50.269000 	
3.353080 	 50.288000 	
3.353140 	 50.308000 	
3.353210 	 50.328000 	
3.353270 	 50.348000 	
3.353330 	 50.368000 	
3.353390 	 50.388000 	
3.353450 	 50.408000 	
3.353510 	 50.427000 	
3.353830 	 50.447000 	
3.353890 	 50.467000 	
3.353950 	 50.487000 	
3.354010 	 50.507000 	
3.354070 	 50.527000 	
3.354130 	 50.546000 	
3.354190 	 50.566000 	
3.354250 	 50.586000 	
3.359950 	 50.606000 	
3.394390 	 50.625000 	
3.395260 	 50.645000 	
3.396130 	 50.665000 	
3.397060 	 50.685000 	
3.398120 	 50.704000 	
3.399160 	 50.724000 	
3.400030 	 50.744000 	
3.400910 	 50.763000 	
3.401830 	 50.783000 	
3.402710 	 50.803000 	
3.403560 	 50.823000 	
3.404430 	 50.842000 	
3.405280 	 50.862000 	
3.406210 	 50.882000 	
3.407060 	 50.901000 	
3.407920 	 50.921000 	
3.408770 	 50.941000 	
3.409620 	 50.960000 	
3.410550 	 50.980000 	
3.411470 	 50.999000 	
3.435290 	 51.019000 	
3.436160 	 51.039000 	
3.437040 	 51.058000 	
3.437960 	 51.078000 	
3.439020 	 51.097000 	
3.440060 	 51.117000 	
3.440940 	 51.136000 	
3.441810 	 51.156000 	
3.442730 	 51.176000 	
3.443610 	 51.195000 	
3.444460 	 51.215000 	
3.445330 	 51.234000 	
3.446970 	 51.254000 	
3.448810 	 51.273000 	
3.448890 	 51.293000 	
3.448950 	 51.312000 	
3.449930 	 51.332000 	
3.451130 	 51.351000 	
3.452450 	 51.371000 	
3.452510 	 51.390000 	
3.477360 	 51.410000 	
3.478370 	 51.429000 	
3.481290 	 51.448000 	
3.481350 	 51.468000 	
3.481430 	 51.487000 	
3.481570 	 51.507000 	
3.485170 	 51.526000 	
3.485230 	 51.546000 	
3.485290 	 51.565000 	
3.485350 	 51.584000 	
3.485710 	 51.604000 	
3.486560 	 51.623000 	
3.489730 	 51.643000 	
3.490470 	 51.662000 	
3.491340 	 51.681000 	
3.492220 	 51.701000 	
3.493090 	 51.720000 	
3.493960 	 51.739000 	
3.494890 	 51.759000 	
3.495810 	 51.778000 	
3.518270 	 51.797000 	
3.519270 	 51.817000 	
3.522370 	 51.836000 	
3.546830 	 51.855000 	
3.547130 	 51.874000 	
3.547190 	 51.894000 	
3.547250 	 51.913000 	
3.547320 	 51.932000 	
3.547380 	 51.951000 	
3.547440 	 51.971000 	
3.547500 	 51.990000 	
3.547560 	 52.009000 	
3.547620 	 52.028000 	
3.547680 	 52.048000 	
3.547740 	 52.067000 	
3.547820 	 52.086000 	
3.548020 	 52.105000 	
3.548080 	 52.124000 	
3.548140 	 52.144000 	
3.548270 	 52.163000 	
3.559170 	 52.182000 	
3.560180 	 52.201000 	
3.563270 	 52.220000 	
3.587780 	 52.239000 	
3.588660 	 52.259000 	
3.589600 	 52.278000 	
3.590480 	 52.297000 	
3.591400 	 52.316000 	
3.593200 	 52.335000 	
3.593270 	 52.354000 	
3.616980 	 52.373000 	
3.617040 	 52.392000 	
3.617100 	 52.411000 	
3.617160 	 52.431000 	
3.617220 	 52.450000 	
3.617280 	 52.469000 	
3.617340 	 52.488000 	
3.617400 	 52.507000 	
3.617460 	 52.526000 	
3.617530 	 52.545000 	
3.617590 	 52.564000 	
3.617650 	 52.583000 	
3.617710 	 52.602000 	
3.631230 	 52.621000 	
3.632090 	 52.640000 	
3.632940 	 52.659000 	
3.633790 	 52.678000 	
3.634660 	 52.697000 	
3.635540 	 52.716000 	
3.636480 	 52.735000 	
3.658260 	 52.754000 	
3.659130 	 52.773000 	
3.660000 	 52.792000 	
3.660880 	 52.811000 	
3.661750 	 52.830000 	
3.662600 	 52.849000 	
3.663480 	 52.868000 	
3.664400 	 52.886000 	
3.665260 	 52.905000 	
3.666110 	 52.924000 	
3.667030 	 52.943000 	
3.667890 	 52.962000 	
3.668740 	 52.981000 	
3.672620 	 53.000000 	
3.674430 	 53.019000 	
3.674510 	 53.037000 	
3.675480 	 53.056000 	
3.676540 	 53.075000 	
3.676670 	 53.094000 	
3.677690 	 53.113000 	
3.711570 	 53.132000 	
3.712460 	 53.151000 	
3.713350 	 53.169000 	
3.715270 	 53.188000 	
3.715330 	 53.207000 	
3.716050 	 53.226000 	
3.716900 	 53.245000 	
3.717830 	 53.263000 	
3.718680 	 53.282000 	
3.719530 	 53.301000 	
3.720380 	 53.320000 	
3.721240 	 53.338000 	
3.722090 	 53.357000 	
3.722940 	 53.376000 	
3.723800 	 53.395000 	
3.724670 	 53.413000 	
3.725520 	 53.432000 	
3.726380 	 53.451000 	
3.727230 	 53.469000 	
3.728080 	 53.488000 	
3.755820 	 53.507000 	
3.756050 	 53.526000 	
3.756110 	 53.544000 	
3.759180 	 53.563000 	
3.759310 	 53.582000 	
3.759370 	 53.600000 	
3.768320 	 53.619000 	
3.768380 	 53.638000 	
3.768440 	 53.656000 	
3.768500 	 53.675000 	
3.768560 	 53.693000 	
3.768620 	 53.712000 	
3.768680 	 53.731000 	
3.768750 	 53.749000 	
3.768810 	 53.768000 	
3.768870 	 53.787000 	
3.768930 	 53.805000 	
3.768990 	 53.824000 	
3.769820 	 53.842000 	
3.770670 	 53.861000 	
3.800700 	 53.879000 	
3.800770 	 53.898000 	
3.800830 	 53.917000 	
3.800890 	 53.935000 	
3.801250 	 53.954000 	
3.873290 	 53.972000 	
3.873350 	 53.991000 	
3.873410 	 54.009000 	
3.873470 	 54.028000 	
3.873530 	 54.046000 	
3.873590 	 54.065000 	
3.873660 	 54.083000 	
3.873720 	 54.102000 	
3.873780 	 54.120000 	
3.873840 	 54.139000 	
3.873900 	 54.157000 	
3.874170 	 54.176000 	
3.874230 	 54.194000 	
3.874290 	 54.213000 	
3.874350 	 54.231000 	
3.874410 	 54.249000 	
3.874470 	 54.268000 	
3.874530 	 54.286000 	
3.874590 	 54.305000 	
3.874650 	 54.323000 	
3.914850 	 54.342000 	
3.917130 	 54.360000 	
3.920940 	 54.378000 	
3.921020 	 54.397000 	
3.921080 	 54.415000 	
3.921160 	 54.433000 	
3.921220 	 54.452000 	
3.925180 	 54.470000 	
3.925240 	 54.489000 	
3.925300 	 54.507000 	
3.925360 	 54.525000 	
3.925420 	 54.544000 	
3.925900 	 54.562000 	
3.926780 	 54.580000 	
3.927720 	 54.599000 	
3.928590 	 54.617000 	
3.929460 	 54.635000 	
3.930340 	 54.654000 	
3.931190 	 54.672000 	
3.932120 	 54.690000 	
3.968490 	 54.708000 	
3.968550 	 54.727000 	
3.969550 	 54.745000 	
3.970430 	 54.763000 	
3.971280 	 54.781000 	
3.972130 	 54.800000 	
3.972990 	 54.818000 	
3.973840 	 54.836000 	
3.974690 	 54.854000 	
3.975540 	 54.873000 	
3.976400 	 54.891000 	
3.977250 	 54.909000 	
3.978100 	 54.927000 	
3.978960 	 54.946000 	
3.979890 	 54.964000 	
3.980830 	 54.982000 	
3.981700 	 55.000000 	
3.982580 	 55.018000 	
3.983500 	 55.036000 	
3.984450 	 55.055000 	
4.010350 	 55.073000 	
4.010420 	 55.091000 	
4.011560 	 55.109000 	
4.023980 	 55.127000 	
4.024040 	 55.145000 	
4.024100 	 55.164000 	
4.024170 	 55.182000 	
4.024230 	 55.200000 	
4.024290 	 55.218000 	
4.024350 	 55.236000 	
4.024410 	 55.254000 	
4.024470 	 55.272000 	
4.024530 	 55.290000 	
4.024590 	 55.308000 	
4.024650 	 55.326000 	
4.024710 	 55.345000 	
4.024770 	 55.363000 	
4.024830 	 55.381000 	
4.024900 	 55.399000 	
4.026580 	 55.417000 	
4.051970 	 55.435000 	
4.052910 	 55.453000 	
4.079260 	 55.471000 	
4.079320 	 55.489000 	
4.079380 	 55.507000 	
4.079440 	 55.525000 	
4.079500 	 55.543000 	
4.079560 	 55.561000 	
4.079620 	 55.579000 	
4.104960 	 55.597000 	
4.106160 	 55.615000 	
4.107090 	 55.633000 	
4.109530 	 55.651000 	
4.114980 	 55.669000 	
4.115120 	 55.687000 	
4.115180 	 55.705000 	
4.115420 	 55.723000 	
4.115480 	 55.741000 	
4.115550 	 55.759000 	
4.115610 	 55.777000 	
4.117490 	 55.795000 	
4.117550 	 55.812000 	
4.120490 	 55.830000 	
4.121420 	 55.848000 	
4.122290 	 55.866000 	
4.123160 	 55.884000 	
4.124020 	 55.902000 	
4.124940 	 55.920000 	
4.125870 	 55.938000 	
4.146100 	 55.956000 	
4.150720 	 55.973000 	
4.151650 	 55.991000 	
4.152920 	 56.009000 	
4.155880 	 56.027000 	
4.156740 	 56.045000 	
4.182120 	 56.063000 	
4.182180 	 56.081000 	
4.182240 	 56.098000 	
4.182300 	 56.116000 	
4.182360 	 56.134000 	
4.182420 	 56.152000 	
4.182480 	 56.170000 	
4.182620 	 56.187000 	
4.182680 	 56.205000 	
4.182740 	 56.223000 	
4.182800 	 56.241000 	
4.182870 	 56.259000 	
4.182930 	 56.276000 	
4.182990 	 56.294000 	
4.192280 	 56.312000 	
4.196850 	 56.330000 	
4.197700 	 56.347000 	
4.198560 	 56.365000 	
4.199440 	 56.383000 	
4.200320 	 56.401000 	
4.223930 	 56.418000 	
4.224860 	 56.436000 	
4.237770 	 56.454000 	
4.237830 	 56.472000 	
4.237890 	 56.489000 	
4.237950 	 56.507000 	
4.238010 	 56.525000 	
4.238070 	 56.542000 	
4.238130 	 56.560000 	
4.238190 	 56.578000 	
4.238260 	 56.595000 	
4.238320 	 56.613000 	
4.238380 	 56.631000 	
4.238440 	 56.648000 	
4.238500 	 56.666000 	
4.238560 	 56.684000 	
4.238620 	 56.701000 	
4.239460 	 56.719000 	
4.240340 	 56.737000 	
4.248580 	 56.754000 	
4.265630 	 56.772000 	
4.285850 	 56.789000 	
4.285910 	 56.807000 	
4.285970 	 56.825000 	
4.286030 	 56.842000 	
4.286090 	 56.860000 	
4.286150 	 56.877000 	
4.286210 	 56.895000 	
4.309130 	 56.913000 	
4.317990 	 56.930000 	
4.318050 	 56.948000 	
4.318110 	 56.965000 	
4.318170 	 56.983000 	
4.318230 	 57.000000 	
4.318290 	 57.018000 	
4.318350 	 57.036000 	
4.318420 	 57.053000 	
4.318480 	 57.071000 	
4.318540 	 57.088000 	
4.318610 	 57.106000 	
4.319460 	 57.123000 	
4.327360 	 57.141000 	
4.328240 	 57.158000 	
4.329110 	 57.176000 	
4.330110 	 57.193000 	
4.330980 	 57.211000 	
4.331920 	 57.228000 	
4.332790 	 57.246000 	
4.356130 	 57.263000 	
4.358890 	 57.280000 	
4.359740 	 57.298000 	
4.360600 	 57.315000 	
4.361450 	 57.333000 	
4.362300 	 57.350000 	
4.363160 	 57.368000 	
4.364010 	 57.385000 	
4.364860 	 57.403000 	
4.365710 	 57.420000 	
4.366570 	 57.437000 	
4.367420 	 57.455000 	
4.368270 	 57.472000 	
4.369130 	 57.490000 	
4.369980 	 57.507000 	
4.370830 	 57.524000 	
4.371720 	 57.542000 	
4.372640 	 57.559000 	
4.373570 	 57.577000 	
4.374440 	 57.594000 	
4.397080 	 57.611000 	
4.400580 	 57.629000 	
4.431290 	 57.646000 	
4.431350 	 57.663000 	
4.431410 	 57.681000 	
4.431470 	 57.698000 	
4.431530 	 57.715000 	
4.431590 	 57.733000 	
4.431650 	 57.750000 	
4.432110 	 57.767000 	
4.432960 	 57.785000 	
4.433810 	 57.802000 	
4.434670 	 57.819000 	
4.435520 	 57.837000 	
4.438720 	 57.854000 	
4.444160 	 57.871000 	
4.446830 	 57.888000 	
4.447750 	 57.906000 	
4.448630 	 57.923000 	
4.449500 	 57.940000 	
4.450420 	 57.957000 	
4.451280 	 57.975000 	
4.473410 	 57.992000 	
4.473470 	 58.009000 	
4.473890 	 58.026000 	
4.541860 	 58.044000 	
4.541920 	 58.061000 	
4.541990 	 58.078000 	
4.542050 	 58.095000 	
4.542110 	 58.113000 	
4.542170 	 58.130000 	
4.542230 	 58.147000 	
4.542290 	 58.164000 	
4.542560 	 58.181000 	
4.542620 	 58.199000 	
4.542680 	 58.216000 	
4.542740 	 58.233000 	
4.542800 	 58.250000 	
4.542860 	 58.267000 	
4.542920 	 58.284000 	
4.542980 	 58.302000 	
4.543040 	 58.319000 	
4.543100 	 58.336000 	
4.543180 	 58.353000 	
4.543330 	 58.370000 	
4.588290 	 58.387000 	
4.588350 	 58.404000 	
4.588410 	 58.422000 	
4.588480 	 58.439000 	
4.588540 	 58.456000 	
4.588600 	 58.473000 	
4.588660 	 58.490000 	
4.597680 	 58.507000 	
4.598530 	 58.524000 	
4.599450 	 58.541000 	
4.600310 	 58.558000 	
4.601160 	 58.575000 	
4.602010 	 58.592000 	
4.602870 	 58.610000 	
4.603720 	 58.627000 	
4.604590 	 58.644000 	
4.605470 	 58.661000 	
4.606390 	 58.678000 	
4.607430 	 58.695000 	
4.608280 	 58.712000 	
4.630050 	 58.729000 	
4.630110 	 58.746000 	
4.630900 	 58.763000 	
4.631750 	 58.780000 	
4.632610 	 58.797000 	
4.674140 	 58.814000 	
4.695920 	 58.831000 	
4.696770 	 58.848000 	
4.697650 	 58.865000 	
4.698570 	 58.882000 	
4.699500 	 58.899000 	
4.700370 	 58.916000 	
4.701300 	 58.933000 	
4.702170 	 58.950000 	
4.703020 	 58.967000 	
4.703950 	 58.984000 	
4.704800 	 59.001000 	
4.705650 	 59.018000 	
4.706510 	 59.035000 	
4.707360 	 59.052000 	
4.708230 	 59.068000 	
4.709080 	 59.085000 	
4.709940 	 59.102000 	
4.710790 	 59.119000 	
4.711640 	 59.136000 	
4.716260 	 59.153000 	
4.737380 	 59.170000 	
4.747040 	 59.187000 	
4.747100 	 59.204000 	
4.747160 	 59.221000 	
4.747220 	 59.238000 	
4.747290 	 59.254000 	
4.747350 	 59.271000 	
4.747410 	 59.288000 	
4.747470 	 59.305000 	
4.747530 	 59.322000 	
4.747590 	 59.339000 	
4.747650 	 59.356000 	
4.747830 	 59.372000 	
4.748680 	 59.389000 	
4.749540 	 59.406000 	
4.750390 	 59.423000 	
4.751240 	 59.440000 	
4.752100 	 59.457000 	
4.752950 	 59.473000 	
4.757360 	 59.490000 	
4.779130 	 59.507000 	
4.788620 	 59.524000 	
4.804680 	 59.541000 	
4.804740 	 59.557000 	
4.804800 	 59.574000 	
4.804860 	 59.591000 	
4.804920 	 59.608000 	
4.804980 	 59.625000 	
4.805040 	 59.641000 	
4.805120 	 59.658000 	
4.805320 	 59.675000 	
4.805380 	 59.692000 	
4.805440 	 59.708000 	
4.805500 	 59.725000 	
4.805560 	 59.742000 	
4.805620 	 59.759000 	
4.805700 	 59.775000 	
4.805770 	 59.792000 	
4.805830 	 59.809000 	
4.805890 	 59.826000 	
4.822860 	 59.842000 	
4.830310 	 59.859000 	
4.863350 	 59.876000 	
4.863410 	 59.892000 	
4.863470 	 59.909000 	
4.863530 	 59.926000 	
4.863590 	 59.942000 	
4.863660 	 59.959000 	
4.863720 	 59.976000 	
4.863780 	 59.992000 	
4.863840 	 60.009000 	
4.863900 	 60.026000 	
4.863960 	 60.042000 	
4.864020 	 60.059000 	
4.864080 	 60.076000 	
4.864140 	 60.092000 	
4.864200 	 60.109000 	
4.864260 	 60.126000 	
4.864320 	 60.142000 	
4.864380 	 60.159000 	
4.864450 	 60.176000 	
4.882190 	 60.192000 	
4.904250 	 60.209000 	
4.905110 	 60.225000 	
4.947760 	 60.242000 	
4.947820 	 60.259000 	
4.947880 	 60.275000 	
4.947940 	 60.292000 	
4.948000 	 60.308000 	
4.948060 	 60.325000 	
4.948120 	 60.342000 	
4.948320 	 60.358000 	
4.948380 	 60.375000 	
4.948440 	 60.391000 	
4.948500 	 60.408000 	
4.957820 	 60.424000 	
4.958710 	 60.441000 	
4.959630 	 60.457000 	
4.960510 	 60.474000 	
4.961380 	 60.491000 	
4.962250 	 60.507000 	
4.963180 	 60.524000 	
4.964050 	 60.540000 	
4.964900 	 60.557000 	
4.989000 	 60.573000 	
4.989940 	 60.590000 	
4.990810 	 60.606000 	
4.991750 	 60.623000 	
5.005210 	 60.639000 	
5.005270 	 60.656000 	
5.005330 	 60.672000 	
5.005390 	 60.689000 	
5.005450 	 60.705000 	
5.005510 	 60.722000 	
5.005580 	 60.738000 	
5.005640 	 60.755000 	
5.005700 	 60.771000 	
5.005760 	 60.787000 	
5.005820 	 60.804000 	
5.005880 	 60.820000 	
5.005940 	 60.837000 	
5.006000 	 60.853000 	
5.006060 	 60.870000 	
5.006120 	 60.886000 	
5.035050 	 60.902000 	
5.035110 	 60.919000 	
5.054300 	 60.935000 	
5.054360 	 60.952000 	
5.054420 	 60.968000 	
5.054480 	 60.985000 	
5.054540 	 61.001000 	
5.054610 	 61.017000 	
5.054670 	 61.034000 	
5.054730 	 61.050000 	
5.054790 	 61.066000 	
5.054850 	 61.083000 	
5.054910 	 61.099000 	
5.054970 	 61.116000 	
5.056940 	 61.132000 	
5.057870 	 61.148000 	
5.059220 	 61.165000 	
5.062150 	 61.181000 	
5.062220 	 61.197000 	
5.062280 	 61.214000 	
5.076200 	 61.230000 	
5.094040 	 61.246000 	
5.095200 	 61.263000 	
5.096060 	 61.279000 	
5.097110 	 61.295000 	
5.098150 	 61.312000 	
5.099430 	 61.328000 	
5.100500 	 61.344000 	
5.101480 	 61.361000 	
5.107700 	 61.377000 	
5.107770 	 61.393000 	
5.119410 	 61.409000 	
5.120340 	 61.426000 	
5.121460 	 61.442000 	
5.122390 	 61.458000 	
5.123280 	 61.475000 	
5.124150 	 61.491000 	
5.125070 	 61.507000 	
5.125950 	 61.523000 	
5.126820 	 61.540000 	
5.127700 	 61.556000 	
5.134940 	 61.572000 	
5.136110 	 61.588000 	
5.136960 	 61.605000 	
5.138020 	 61.621000 	
5.139060 	 61.637000 	
5.140330 	 61.653000 	
5.141400 	 61.669000 	
5.142380 	 61.686000 	
5.148610 	 61.702000 	
5.149480 	 61.718000 	
5.160310 	 61.734000 	
5.161250 	 61.751000 	
5.162360 	 61.767000 	
5.163290 	 61.783000 	
5.164180 	 61.799000 	
5.165050 	 61.815000 	
5.165980 	 61.831000 	
5.166850 	 61.848000 	
5.167720 	 61.864000 	
5.168600 	 61.880000 	
5.192920 	 61.896000 	
5.193000 	 61.912000 	
5.193080 	 61.928000 	
5.193140 	 61.945000 	
5.193210 	 61.961000 	
5.193290 	 61.977000 	
5.193350 	 61.993000 	
5.193410 	 62.009000 	
5.193470 	 62.025000 	
5.193530 	 62.041000 	
5.201770 	 62.057000 	
5.204650 	 62.074000 	
5.204710 	 62.090000 	
5.204770 	 62.106000 	
5.205340 	 62.122000 	
5.206260 	 62.138000 	
5.207110 	 62.154000 	
5.208210 	 62.170000 	
5.209060 	 62.186000 	
5.209980 	 62.202000 	
5.233850 	 62.218000 	
5.234910 	 62.235000 	
5.235790 	 62.251000 	
5.236660 	 62.267000 	
5.237510 	 62.283000 	
5.238390 	 62.299000 	
5.239260 	 62.315000 	
5.240860 	 62.331000 	
5.241900 	 62.347000 	
5.243020 	 62.363000 	
5.243940 	 62.379000 	
5.246080 	 62.395000 	
5.247010 	 62.411000 	
5.248020 	 62.427000 	
5.248110 	 62.443000 	
5.249180 	 62.459000 	
5.251240 	 62.475000 	
5.251320 	 62.491000 	
5.252250 	 62.507000 	
5.274370 	 62.523000 	
5.275140 	 62.539000 	
5.276020 	 62.555000 	
5.276940 	 62.571000 	
5.277820 	 62.587000 	
5.278740 	 62.603000 	
5.279820 	 62.619000 	
5.313600 	 62.635000 	
5.313670 	 62.651000 	
5.313730 	 62.667000 	
5.313790 	 62.683000 	
5.313850 	 62.699000 	
5.313910 	 62.715000 	
5.313970 	 62.731000 	
5.314030 	 62.747000 	
5.314090 	 62.763000 	
5.314150 	 62.779000 	
5.314210 	 62.794000 	
5.314270 	 62.810000 	
5.314330 	 62.826000 	
5.316600 	 62.842000 	
5.317470 	 62.858000 	
5.321020 	 62.874000 	
5.321870 	 62.890000 	
5.322720 	 62.906000 	
5.323580 	 62.922000 	
5.324430 	 62.938000 	
5.354510 	 62.954000 	
5.355360 	 62.969000 	
5.356210 	 62.985000 	
5.357070 	 63.001000 	
5.358070 	 63.017000 	
5.360980 	 63.033000 	
5.361040 	 63.049000 	
5.361100 	 63.065000 	
5.361350 	 63.080000 	
5.362200 	 63.096000 	
5.363060 	 63.112000 	
5.363910 	 63.128000 	
5.364760 	 63.144000 	
5.365610 	 63.160000 	
5.366470 	 63.176000 	
5.367320 	 63.191000 	
5.368170 	 63.207000 	
5.369030 	 63.223000 	
5.369880 	 63.239000 	
5.370730 	 63.255000 	
5.395410 	 63.270000 	
5.396260 	 63.286000 	
5.397120 	 63.302000 	
5.397970 	 63.318000 	
5.423480 	 63.334000 	
5.426300 	 63.349000 	
5.426360 	 63.365000 	
5.426420 	 63.381000 	
5.426580 	 63.397000 	
5.427460 	 63.413000 	
5.429280 	 63.428000 	
5.430320 	 63.444000 	
5.432160 	 63.460000 	
5.432240 	 63.476000 	
5.434130 	 63.491000 	
5.434210 	 63.507000 	
5.435140 	 63.523000 	
5.435350 	 63.539000 	
5.436270 	 63.554000 	
5.437200 	 63.570000 	
5.438050 	 63.586000 	
5.438980 	 63.602000 	
5.439850 	 63.617000 	
5.440770 	 63.633000 	
5.466220 	 63.649000 	
5.468010 	 63.664000 	
5.468260 	 63.680000 	
5.469360 	 63.696000 	
5.470380 	 63.712000 	
5.470720 	 63.727000 	
5.472500 	 63.743000 	
5.474310 	 63.759000 	
5.474390 	 63.774000 	
5.481230 	 63.790000 	
5.481290 	 63.806000 	
5.481350 	 63.821000 	
5.481420 	 63.837000 	
5.481480 	 63.853000 	
5.481540 	 63.868000 	
5.481600 	 63.884000 	
5.481660 	 63.900000 	
5.481820 	 63.915000 	
5.482670 	 63.931000 	
5.483550 	 63.947000 	
5.508200 	 63.962000 	
5.533690 	 63.978000 	
5.533750 	 63.993000 	
5.533820 	 64.009000 	
5.533880 	 64.025000 	
5.533940 	 64.040000 	
5.534000 	 64.056000 	
5.534060 	 64.072000 	
5.534120 	 64.087000 	
5.534180 	 64.103000 	
5.534240 	 64.118000 	
5.534300 	 64.134000 	
5.534380 	 64.150000 	
5.534440 	 64.165000 	
5.534500 	 64.181000 	
5.534570 	 64.196000 	
5.549580 	 64.212000 	
5.550520 	 64.227000 	
5.551830 	 64.243000 	
5.552760 	 64.259000 	
5.553680 	 64.274000 	
5.576100 	 64.290000 	
5.576180 	 64.305000 	
5.593500 	 64.321000 	
5.594350 	 64.336000 	
5.595200 	 64.352000 	
5.596080 	 64.367000 	
5.599690 	 64.383000 	
5.599770 	 64.399000 	
5.599860 	 64.414000 	
5.601680 	 64.430000 	
5.601750 	 64.445000 	
5.601860 	 64.461000 	
5.602730 	 64.476000 	
5.603600 	 64.492000 	
5.604460 	 64.507000 	
5.605380 	 64.523000 	
5.606230 	 64.538000 	
5.607160 	 64.554000 	
5.608010 	 64.569000 	
5.608860 	 64.585000 	
5.617660 	 64.600000 	
5.669220 	 64.616000 	
5.669280 	 64.631000 	
5.669340 	 64.647000 	
5.669400 	 64.662000 	
5.669460 	 64.677000 	
5.669520 	 64.693000 	
5.669580 	 64.708000 	
5.669640 	 64.724000 	
5.669710 	 64.739000 	
5.669770 	 64.755000 	
5.669830 	 64.770000 	
5.669890 	 64.786000 	
5.669950 	 64.801000 	
5.670010 	 64.816000 	
5.670070 	 64.832000 	
5.670130 	 64.847000 	
5.670190 	 64.863000 	
5.670250 	 64.878000 	
5.670310 	 64.894000 	
5.670370 	 64.909000 	
5.710120 	 64.924000 	
5.710970 	 64.940000 	
5.711850 	 64.955000 	
5.713190 	 64.971000 	
5.714550 	 64.986000 	
5.715400 	 65.001000 	
5.717130 	 65.017000 	
5.717980 	 65.032000 	
5.718840 	 65.048000 	
5.719690 	 65.063000 	
5.720540 	 65.078000 	
5.721390 	 65.094000 	
5.722250 	 65.109000 	
5.723100 	 65.124000 	
5.723950 	 65.140000 	
5.724800 	 65.155000 	
5.725660 	 65.170000 	
5.726510 	 65.186000 	
5.727360 	 65.201000 	
5.728220 	 65.216000 	
5.751020 	 65.232000 	
5.751880 	 65.247000 	
5.752750 	 65.262000 	
5.754840 	 65.278000 	
5.756280 	 65.293000 	
5.757230 	 65.308000 	
5.770770 	 65.324000 	
5.770830 	 65.339000 	
5.770890 	 65.354000 	
5.770950 	 65.370000 	
5.771010 	 65.385000 	
5.771070 	 65.400000 	
5.782210 	 65.415000 	
5.782270 	 65.431000 	
5.782330 	 65.446000 	
5.782390 	 65.461000 	
5.782450 	 65.477000 	
5.782520 	 65.492000 	
5.782580 	 65.507000 	
5.782640 	 65.522000 	
5.797490 	 65.538000 	
5.797550 	 65.553000 	
5.797610 	 65.568000 	
5.797670 	 65.583000 	
5.798030 	 65.599000 	
5.798900 	 65.614000 	
5.812000 	 65.629000 	
5.823960 	 65.644000 	
5.824020 	 65.660000 	
5.824080 	 65.675000 	
5.824300 	 65.690000 	
5.824360 	 65.705000 	
5.852030 	 65.721000 	
5.853500 	 65.736000 	
5.856260 	 65.751000 	
5.856460 	 65.766000 	
5.857510 	 65.781000 	
5.857570 	 65.797000 	
5.858520 	 65.812000 	
5.867500 	 65.827000 	
5.867560 	 65.842000 	
5.867620 	 65.857000 	
5.867680 	 65.873000 	
5.867740 	 65.888000 	
5.867800 	 65.903000 	
5.867860 	 65.918000 	
5.867920 	 65.933000 	
5.867990 	 65.948000 	
5.868050 	 65.964000 	
5.868340 	 65.979000 	
5.869190 	 65.994000 	
5.870110 	 66.009000 	
5.893720 	 66.024000 	
5.932130 	 66.039000 	
5.932190 	 66.054000 	
5.932250 	 66.070000 	
5.932310 	 66.085000 	
5.932370 	 66.100000 	
5.932430 	 66.115000 	
5.932490 	 66.130000 	
5.932550 	 66.145000 	
5.932610 	 66.160000 	
5.932670 	 66.176000 	
5.932740 	 66.191000 	
5.932800 	 66.206000 	
5.932860 	 66.221000 	
5.932920 	 66.236000 	
5.933290 	 66.251000 	
5.934180 	 66.266000 	
5.935100 	 66.281000 	
5.936030 	 66.296000 	
5.936900 	 66.311000 	
5.937750 	 66.326000 	
5.973250 	 66.342000 	
5.974110 	 66.357000 	
5.977630 	 66.372000 	
5.978480 	 66.387000 	
5.979340 	 66.402000 	
5.982170 	 66.417000 	
5.982230 	 66.432000 	
5.982610 	 66.447000 	
5.983480 	 66.462000 	
5.984400 	 66.477000 	
5.985330 	 66.492000 	
5.986200 	 66.507000 	
5.987060 	 66.522000 	
5.987910 	 66.537000 	
5.988760 	 66.552000 	
5.989690 	 66.567000 	
5.990540 	 66.582000 	
5.991390 	 66.597000 	
5.992240 	 66.612000 	
5.993100 	 66.627000 	
6.038720 	 66.642000 	
6.039810 	 66.657000 	
6.040900 	 66.672000 	
6.042330 	 66.687000 	
6.056110 	 66.702000 	
6.056170 	 66.717000 	
6.056230 	 66.732000 	
6.056290 	 66.747000 	
6.056360 	 66.762000 	
6.056420 	 66.777000 	
6.056480 	 66.792000 	
6.056540 	 66.807000 	
6.056600 	 66.822000 	
6.056660 	 66.837000 	
6.056720 	 66.852000 	
6.056780 	 66.867000 	
6.056840 	 66.882000 	
6.056900 	 66.897000 	
6.056960 	 66.912000 	
6.057020 	 66.927000 	
6.082480 	 66.942000 	
6.082570 	 66.957000 	
6.082630 	 66.972000 	
6.083820 	 66.987000 	
6.098300 	 67.002000 	
6.098390 	 67.016000 	
6.099420 	 67.031000 	
6.124560 	 67.046000 	
6.124620 	 67.061000 	
6.124680 	 67.076000 	
6.124740 	 67.091000 	
6.124800 	 67.106000 	
6.124870 	 67.121000 	
6.124930 	 67.136000 	
6.124990 	 67.151000 	
6.125050 	 67.166000 	
6.125110 	 67.180000 	
6.125170 	 67.195000 	
6.125230 	 67.210000 	
6.125290 	 67.225000 	
6.125350 	 67.240000 	
6.125410 	 67.255000 	
6.125740 	 67.270000 	
6.126620 	 67.285000 	
6.139520 	 67.299000 	
6.140050 	 67.314000 	
6.141110 	 67.329000 	
6.167140 	 67.344000 	
6.167290 	 67.359000 	
6.168000 	 67.374000 	
6.180770 	 67.389000 	
6.181690 	 67.403000 	
6.182130 	 67.418000 	
6.183070 	 67.433000 	
6.183940 	 67.448000 	
6.186670 	 67.463000 	
6.186730 	 67.478000 	
6.186790 	 67.492000 	
6.189760 	 67.507000 	
6.190290 	 67.522000 	
6.191140 	 67.537000 	
6.192000 	 67.552000 	
6.192920 	 67.566000 	
6.193770 	 67.581000 	
6.194630 	 67.596000 	
6.195480 	 67.611000 	
6.196330 	 67.626000 	
6.214280 	 67.640000 	
6.214420 	 67.655000 	
6.214550 	 67.670000 	
6.221920 	 67.685000 	
6.224620 	 67.699000 	
6.224680 	 67.714000 	
6.224740 	 67.729000 	
6.225260 	 67.744000 	
6.239820 	 67.759000 	
6.248420 	 67.773000 	
6.248480 	 67.788000 	
6.248540 	 67.803000 	
6.248940 	 67.818000 	
6.249860 	 67.832000 	
6.255680 	 67.847000 	
6.255740 	 67.862000 	
6.255800 	 67.877000 	
6.255860 	 67.891000 	
6.255920 	 67.906000 	
6.255980 	 67.921000 	
6.256700 	 67.935000 	
6.257740 	 67.950000 	
6.258600 	 67.965000 	
6.262820 	 67.980000 	
6.265930 	 67.994000 	
6.292260 	 68.009000 	
6.292320 	 68.024000 	
6.292380 	 68.038000 	
6.292440 	 68.053000 	
6.292500 	 68.068000 	
6.292560 	 68.082000 	
6.292620 	 68.097000 	
6.292690 	 68.112000 	
6.293410 	 68.127000 	
6.303090 	 68.141000 	
6.303950 	 68.156000 	
6.304800 	 68.171000 	
6.305730 	 68.185000 	
6.306850 	 68.200000 	
6.307770 	 68.215000 	
6.308700 	 68.229000 	
6.309550 	 68.244000 	
6.310470 	 68.259000 	
6.311330 	 68.273000 	
6.312250 	 68.288000 	
6.333160 	 68.302000 	
6.334090 	 68.317000 	
6.334940 	 68.332000 	
6.335790 	 68.346000 	
6.336650 	 68.361000 	
6.337500 	 68.376000 	
6.338350 	 68.390000 	
6.339200 	 68.405000 	
6.340060 	 68.420000 	
6.344000 	 68.434000 	
6.344850 	 68.449000 	
6.345700 	 68.463000 	
6.346640 	 68.478000 	
6.347750 	 68.493000 	
6.348700 	 68.507000 	
6.349600 	 68.522000 	
6.350450 	 68.536000 	
6.351380 	 68.551000 	
6.352230 	 68.566000 	
6.353150 	 68.580000 	
6.387930 	 68.595000 	
6.387990 	 68.609000 	
6.388050 	 68.624000 	
6.388110 	 68.638000 	
6.388170 	 68.653000 	
6.388230 	 68.668000 	
6.388290 	 68.682000 	
6.388350 	 68.697000 	
6.388410 	 68.711000 	
6.388470 	 68.726000 	
6.388530 	 68.740000 	
6.388600 	 68.755000 	
6.388660 	 68.769000 	
6.388720 	 68.784000 	
6.412370 	 68.799000 	
6.414220 	 68.813000 	
6.414400 	 68.828000 	
6.415940 	 68.842000 	
6.416870 	 68.857000 	
6.419590 	 68.871000 	
6.459310 	 68.886000 	
6.459370 	 68.900000 	
6.459430 	 68.915000 	
6.459490 	 68.929000 	
6.459550 	 68.944000 	
6.459620 	 68.958000 	
6.459680 	 68.973000 	
6.459740 	 68.987000 	
6.459800 	 69.002000 	
6.459860 	 69.016000 	
6.459920 	 69.031000 	
6.459980 	 69.045000 	
6.460040 	 69.060000 	
6.460100 	 69.074000 	
6.460160 	 69.089000 	
6.470120 	 69.103000 	
6.471000 	 69.118000 	
6.471850 	 69.132000 	
6.472700 	 69.147000 	
6.473560 	 69.161000 	
6.500210 	 69.175000 	
6.501070 	 69.190000 	
6.533780 	 69.204000 	
6.533850 	 69.219000 	
6.533910 	 69.233000 	
6.533970 	 69.248000 	
6.534030 	 69.262000 	
6.534090 	 69.277000 	
6.534340 	 69.291000 	
6.534400 	 69.305000 	
6.534460 	 69.320000 	
6.534520 	 69.334000 	
6.534580 	 69.349000 	
6.534640 	 69.363000 	
6.534700 	 69.378000 	
6.534760 	 69.392000 	
6.534820 	 69.406000 	
6.534880 	 69.421000 	
6.534940 	 69.435000 	
6.535030 	 69.450000 	
6.541120 	 69.464000 	
6.541990 	 69.478000 	
6.578680 	 69.493000 	
6.582350 	 69.507000 	
6.583210 	 69.522000 	
6.584060 	 69.536000 	
6.584930 	 69.550000 	
6.586810 	 69.565000 	
6.586930 	 69.579000 	
6.587800 	 69.593000 	
6.588730 	 69.608000 	
6.590540 	 69.622000 	
6.590600 	 69.637000 	
6.591500 	 69.651000 	
6.592350 	 69.665000 	
6.593280 	 69.680000 	
6.594130 	 69.694000 	
6.595060 	 69.708000 	
6.595930 	 69.723000 	
6.596860 	 69.737000 	
6.597790 	 69.751000 	
6.598670 	 69.766000 	
6.619990 	 69.780000 	
6.650270 	 69.794000 	
6.650330 	 69.809000 	
6.650400 	 69.823000 	
6.650460 	 69.837000 	
6.650520 	 69.852000 	
6.650580 	 69.866000 	
6.650640 	 69.880000 	
6.650780 	 69.895000 	
6.650840 	 69.909000 	
6.650930 	 69.923000 	
6.650990 	 69.937000 	
6.651050 	 69.952000 	
6.651110 	 69.966000 	
6.651170 	 69.980000 	
6.651250 	 69.995000 	
6.651310 	 70.009000 	
6.651440 	 70.023000 	
6.651510 	 70.038000 	
6.651570 	 70.052000 	
6.660890 	 70.066000 	
6.693530 	 70.080000 	
6.695100 	 70.095000 	
6.707800 	 70.109000 	
6.707860 	 70.123000 	
6.707920 	 70.137000 	
6.707980 	 70.152000 	
6.708040 	 70.166000 	
6.708100 	 70.180000 	
6.708160 	 70.194000 	
6.708220 	 70.209000 	
6.708280 	 70.223000 	
6.708340 	 70.237000 	
6.708400 	 70.251000 	
6.708470 	 70.266000 	
6.708530 	 70.280000 	
6.708590 	 70.294000 	
6.708650 	 70.308000 	
6.708710 	 70.323000 	
6.709340 	 70.337000 	
6.710260 	 70.351000 	
6.753090 	 70.365000 	
6.753150 	 70.379000 	
6.753220 	 70.394000 	
6.753280 	 70.408000 	
6.753810 	 70.422000 	
6.754660 	 70.436000 	
6.755530 	 70.450000 	
6.756520 	 70.465000 	
6.757450 	 70.479000 	
6.758320 	 70.493000 	
6.759250 	 70.507000 	
6.760100 	 70.521000 	
6.760950 	 70.536000 	
6.761800 	 70.550000 	
6.762680 	 70.564000 	
6.763550 	 70.578000 	
6.764400 	 70.592000 	
6.765260 	 70.606000 	
6.766110 	 70.621000 	
6.766960 	 70.635000 	
6.794410 	 70.649000 	
6.795280 	 70.663000 	
6.796170 	 70.677000 	
6.797020 	 70.691000 	
6.798950 	 70.705000 	
6.799090 	 70.720000 	
6.801210 	 70.734000 	
6.801460 	 70.748000 	
6.801520 	 70.762000 	
6.802490 	 70.776000 	
6.826440 	 70.790000 	
6.826500 	 70.804000 	
6.826560 	 70.819000 	
6.826620 	 70.833000 	
6.826680 	 70.847000 	
6.826740 	 70.861000 	
6.826800 	 70.875000 	
6.826860 	 70.889000 	
6.826920 	 70.903000 	
6.826980 	 70.917000 	
6.836580 	 70.931000 	
6.837430 	 70.946000 	
6.838280 	 70.960000 	
6.839220 	 70.974000 	
6.840210 	 70.988000 	
6.842980 	 71.002000 	
6.843040 	 71.016000 	
6.843100 	 71.030000 	
6.843990 	 71.044000 	
6.883320 	 71.058000 	
6.883390 	 71.072000 	
6.883450 	 71.086000 	
6.883510 	 71.100000 	
6.883570 	 71.114000 	
6.883630 	 71.129000 	
6.883690 	 71.143000 	
6.883750 	 71.157000 	
6.883810 	 71.171000 	
6.884060 	 71.185000 	
6.884120 	 71.199000 	
6.884180 	 71.213000 	
6.884240 	 71.227000 	
6.884300 	 71.241000 	
6.884360 	 71.255000 	
6.884420 	 71.269000 	
6.884790 	 71.283000 	
6.885780 	 71.297000 	
6.886650 	 71.311000 	
6.887520 	 71.325000 	
6.924580 	 71.339000 	
6.925510 	 71.353000 	
6.926380 	 71.367000 	
6.948520 	 71.381000 	
6.948580 	 71.395000 	
6.948640 	 71.409000 	
6.948700 	 71.423000 	
6.948760 	 71.437000 	
6.948820 	 71.451000 	
6.948880 	 71.465000 	
6.948940 	 71.479000 	
6.949000 	 71.493000 	
6.949060 	 71.507000 	
6.949160 	 71.521000 	
6.949220 	 71.535000 	
6.949280 	 71.549000 	
6.949580 	 71.563000 	
6.949640 	 71.577000 	
6.949700 	 71.591000 	
6.949760 	 71.605000 	
6.965490 	 71.619000 	
6.966410 	 71.633000 	
6.967280 	 71.647000 	
6.989970 	 71.661000 	
7.011890 	 71.675000 	
7.012880 	 71.689000 	
7.013810 	 71.703000 	
7.014730 	 71.717000 	
7.015610 	 71.731000 	
7.016460 	 71.745000 	
7.017330 	 71.758000 	
7.018220 	 71.772000 	
7.019110 	 71.786000 	
7.019960 	 71.800000 	
7.020840 	 71.814000 	
7.021690 	 71.828000 	
7.022540 	 71.842000 	
7.023390 	 71.856000 	
7.024250 	 71.870000 	
7.025100 	 71.884000 	
7.026020 	 71.898000 	
7.026880 	 71.912000 	
7.027730 	 71.926000 	
7.030870 	 71.939000 	
7.053240 	 71.953000 	
7.053780 	 71.967000 	
7.054710 	 71.981000 	
7.055630 	 71.995000 	
7.056510 	 72.009000 	
7.057360 	 72.023000 	
7.058230 	 72.037000 	
7.085120 	 72.051000 	
7.085180 	 72.064000 	
7.085240 	 72.078000 	
7.085300 	 72.092000 	
7.085360 	 72.106000 	
7.085420 	 72.120000 	
7.085480 	 72.134000 	
7.085550 	 72.148000 	
7.085610 	 72.162000 	
7.085670 	 72.175000 	
7.085730 	 72.189000 	
7.085790 	 72.203000 	
7.085850 	 72.217000 	
7.095560 	 72.231000 	
7.096420 	 72.245000 	
7.097270 	 72.258000 	
7.098120 	 72.272000 	
7.098980 	 72.286000 	
7.099830 	 72.300000 	
7.102560 	 72.314000 	
7.126020 	 72.328000 	
7.126880 	 72.341000 	
7.127750 	 72.355000 	
7.128620 	 72.369000 	
7.205410 	 72.383000 	
7.205470 	 72.397000 	
7.205550 	 72.411000 	
7.205680 	 72.424000 	
7.205760 	 72.438000 	
7.205820 	 72.452000 	
7.205880 	 72.466000 	
7.205940 	 72.480000 	
7.206010 	 72.493000 	
7.206090 	 72.507000 	
7.206150 	 72.521000 	
7.206210 	 72.535000 	
7.206270 	 72.549000 	
7.206330 	 72.562000 	
7.206460 	 72.576000 	
7.206520 	 72.590000 	
7.206580 	 72.604000 	
7.206650 	 72.617000 	
7.206710 	 72.631000 	
7.206770 	 72.645000 	
7.246430 	 72.659000 	
7.247280 	 72.672000 	
7.248160 	 72.686000 	
7.249030 	 72.700000 	
7.249950 	 72.714000 	
7.250880 	 72.728000 	
7.251800 	 72.741000 	
7.252730 	 72.755000 	
7.255490 	 72.769000 	
7.255550 	 72.783000 	
7.255610 	 72.796000 	
7.256270 	 72.810000 	
7.257200 	 72.824000 	
7.258050 	 72.837000 	
7.258920 	 72.851000 	
7.259780 	 72.865000 	
7.260630 	 72.879000 	
7.261560 	 72.892000 	
7.262410 	 72.906000 	
7.263260 	 72.920000 	
7.310080 	 72.933000 	
7.310140 	 72.947000 	
7.310200 	 72.961000 	
7.310260 	 72.975000 	
7.310320 	 72.988000 	
7.310380 	 73.002000 	
7.310440 	 73.016000 	
7.310710 	 73.029000 	
7.310770 	 73.043000 	
7.310830 	 73.057000 	
7.310890 	 73.070000 	
7.310950 	 73.084000 	
7.311010 	 73.098000 	
7.311070 	 73.112000 	
7.311130 	 73.125000 	
7.311190 	 73.139000 	
7.311250 	 73.153000 	
7.311340 	 73.166000 	
7.311420 	 73.180000 	
7.311480 	 73.194000 	
7.363700 	 73.207000 	
7.365700 	 73.221000 	
7.366020 	 73.235000 	
7.366880 	 73.248000 	
7.367730 	 73.262000 	
7.368580 	 73.276000 	
7.369670 	 73.289000 	
7.370550 	 73.303000 	
7.371420 	 73.316000 	
7.372290 	 73.330000 	
7.373220 	 73.344000 	
7.374090 	 73.357000 	
7.375020 	 73.371000 	
7.375940 	 73.385000 	
7.376870 	 73.398000 	
7.377720 	 73.412000 	
7.379890 	 73.425000 	
7.380740 	 73.439000 	
7.381600 	 73.453000 	
7.382450 	 73.466000 	
7.405890 	 73.480000 	
7.419540 	 73.494000 	
7.420480 	 73.507000 	
7.421410 	 73.521000 	
7.422330 	 73.534000 	
7.423990 	 73.548000 	
7.424070 	 73.562000 	
7.428730 	 73.575000 	
7.428790 	 73.589000 	
7.428850 	 73.602000 	
7.428910 	 73.616000 	
7.428970 	 73.630000 	
7.429520 	 73.643000 	
7.430450 	 73.657000 	
7.431300 	 73.670000 	
7.432230 	 73.684000 	
7.433080 	 73.697000 	
7.433930 	 73.711000 	
7.434780 	 73.725000 	
7.435640 	 73.738000 	
7.447740 	 73.752000 	
7.460850 	 73.765000 	
7.461670 	 73.779000 	
7.462540 	 73.792000 	
7.463470 	 73.806000 	
7.466550 	 73.819000 	
7.467420 	 73.833000 	
7.472610 	 73.847000 	
7.472670 	 73.860000 	
7.480700 	 73.874000 	
7.480760 	 73.887000 	
7.480820 	 73.901000 	
7.480880 	 73.914000 	
7.484570 	 73.928000 	
7.484630 	 73.941000 	
7.484690 	 73.955000 	
7.484750 	 73.968000 	
7.484810 	 73.982000 	
7.484870 	 73.995000 	
7.484930 	 74.009000 	
7.525870 	 74.022000 	
7.525930 	 74.036000 	
7.525990 	 74.049000 	
7.526050 	 74.063000 	
7.526110 	 74.076000 	
7.526170 	 74.090000 	
7.526230 	 74.103000 	
7.526290 	 74.117000 	
7.526350 	 74.130000 	
7.526410 	 74.144000 	
7.526470 	 74.157000 	
7.526530 	 74.171000 	
7.526600 	 74.184000 	
7.526660 	 74.198000 	
7.526720 	 74.211000 	
7.527180 	 74.225000 	
7.528110 	 74.238000 	
7.529200 	 74.252000 	
7.530310 	 74.265000 	
7.531250 	 74.279000 	
7.567070 	 74.292000 	
7.567620 	 74.306000 	
7.568470 	 74.319000 	
7.569350 	 74.332000 	
7.570340 	 74.346000 	
7.571210 	 74.359000 	
7.572080 	 74.373000 	
7.572940 	 74.386000 	
7.573860 	 74.400000 	
7.574790 	 74.413000 	
7.584740 	 74.427000 	
7.596980 	 74.440000 	
7.598510 	 74.453000 	
7.599390 	 74.467000 	
7.600310 	 74.480000 	
7.601240 	 74.494000 	
7.602110 	 74.507000 	
7.602960 	 74.521000 	
7.603820 	 74.534000 	
7.604670 	 74.547000 	
7.607970 	 74.561000 	
7.608830 	 74.574000 	
7.609680 	 74.588000 	
7.610530 	 74.601000 	
7.611380 	 74.614000 	
7.612240 	 74.628000 	
7.613090 	 74.641000 	
7.613940 	 74.655000 	
7.614820 	 74.668000 	
7.615690 	 74.681000 	
7.626740 	 74.695000 	
7.637880 	 74.708000 	
7.641450 	 74.722000 	
7.641510 	 74.735000 	
7.642570 	 74.748000 	
7.643500 	 74.762000 	
7.644430 	 74.775000 	
7.645370 	 74.788000 	
7.658860 	 74.802000 	
7.658920 	 74.815000 	
7.658980 	 74.829000 	
7.659040 	 74.842000 	
7.659100 	 74.855000 	
7.659160 	 74.869000 	
7.659220 	 74.882000 	
7.659280 	 74.895000 	
7.659350 	 74.909000 	
7.659410 	 74.922000 	
7.659470 	 74.935000 	
7.659530 	 74.949000 	
7.676860 	 74.962000 	
7.678780 	 74.975000 	
7.682530 	 74.989000 	
7.683860 	 75.002000 	
7.684800 	 75.015000 	
7.762310 	 75.029000 	
7.762370 	 75.042000 	
7.762430 	 75.055000 	
7.765550 	 75.069000 	
7.765610 	 75.082000 	
7.765670 	 75.095000 	
7.765730 	 75.109000 	
7.765790 	 75.122000 	
7.765850 	 75.135000 	
7.765910 	 75.149000 	
7.765970 	 75.162000 	
7.766030 	 75.175000 	
7.766090 	 75.189000 	
7.766160 	 75.202000 	
7.766220 	 75.215000 	
7.766280 	 75.228000 	
7.766340 	 75.242000 	
7.766400 	 75.255000 	
7.766460 	 75.268000 	
7.766540 	 75.282000 	
7.803470 	 75.295000 	
7.804750 	 75.308000 	
7.843100 	 75.321000 	
7.843160 	 75.335000 	
7.843220 	 75.348000 	
7.843280 	 75.361000 	
7.843340 	 75.375000 	
7.843400 	 75.388000 	
7.843600 	 75.401000 	
7.843660 	 75.414000 	
7.843790 	 75.428000 	
7.843850 	 75.441000 	
7.843910 	 75.454000 	
7.843980 	 75.467000 	
7.844060 	 75.481000 	
7.844120 	 75.494000 	
7.844180 	 75.507000 	
7.844240 	 75.520000 	
7.844320 	 75.534000 	
7.844400 	 75.547000 	
7.845420 	 75.560000 	
7.846090 	 75.573000 	
7.884000 	 75.587000 	
7.884850 	 75.600000 	
7.886920 	 75.613000 	
7.887780 	 75.626000 	
7.889150 	 75.639000 	
7.890190 	 75.653000 	
7.891200 	 75.666000 	
7.892260 	 75.679000 	
7.893330 	 75.692000 	
7.894540 	 75.706000 	
7.895420 	 75.719000 	
7.896290 	 75.732000 	
7.897160 	 75.745000 	
7.898090 	 75.758000 	
7.898940 	 75.772000 	
7.899870 	 75.785000 	
7.900790 	 75.798000 	
7.901640 	 75.811000 	
7.903360 	 75.824000 	
7.903420 	 75.838000 	
7.926200 	 75.851000 	
7.927120 	 75.864000 	
7.928050 	 75.877000 	
7.928970 	 75.890000 	
7.960590 	 75.903000 	
7.972930 	 75.917000 	
7.972990 	 75.930000 	
7.973060 	 75.943000 	
7.973120 	 75.956000 	
7.973180 	 75.969000 	
7.973240 	 75.982000 	
7.973300 	 75.996000 	
7.973360 	 76.009000 	
7.973420 	 76.022000 	
7.973480 	 76.035000 	
7.973540 	 76.048000 	
7.973600 	 76.061000 	
7.973660 	 76.075000 	
7.973720 	 76.088000 	
7.973780 	 76.101000 	
7.974200 	 76.114000 	
7.975050 	 76.127000 	
7.975930 	 76.140000 	
7.976780 	 76.153000 	
8.033690 	 76.167000 	
8.033750 	 76.180000 	
8.033810 	 76.193000 	
8.033870 	 76.206000 	
8.033930 	 76.219000 	
8.033990 	 76.232000 	
8.034050 	 76.245000 	
8.034110 	 76.258000 	
8.034170 	 76.271000 	
8.034230 	 76.285000 	
8.034290 	 76.298000 	
8.034360 	 76.311000 	
8.034420 	 76.324000 	
8.034560 	 76.337000 	
8.034620 	 76.350000 	
8.034680 	 76.363000 	
8.034740 	 76.376000 	
8.034800 	 76.389000 	
8.034860 	 76.402000 	
8.034920 	 76.416000 	
8.075360 	 76.429000 	
8.097360 	 76.442000 	
8.097510 	 76.455000 	
8.097570 	 76.468000 	
8.097630 	 76.481000 	
8.097690 	 76.494000 	
8.097750 	 76.507000 	
8.097810 	 76.520000 	
8.097870 	 76.533000 	
8.097930 	 76.546000 	
8.097990 	 76.559000 	
8.098050 	 76.572000 	
8.098110 	 76.586000 	
8.098170 	 76.599000 	
8.098240 	 76.612000 	
8.098300 	 76.625000 	
8.098440 	 76.638000 	
8.098500 	 76.651000 	
8.098560 	 76.664000 	
8.098620 	 76.677000 	
8.117020 	 76.690000 	
8.139080 	 76.703000 	
8.154520 	 76.716000 	
8.155370 	 76.729000 	
8.158100 	 76.742000 	
8.158980 	 76.755000 	
8.161150 	 76.768000 	
8.162070 	 76.781000 	
8.162300 	 76.794000 	
8.163180 	 76.807000 	
8.164050 	 76.820000 	
8.164970 	 76.833000 	
8.165850 	 76.846000 	
8.166700 	 76.859000 	
8.167550 	 76.872000 	
8.168410 	 76.885000 	
8.169280 	 76.898000 	
8.170130 	 76.911000 	
8.170980 	 76.924000 	
8.171840 	 76.937000 	
8.172690 	 76.950000 	
8.180590 	 76.963000 	
8.211640 	 76.976000 	
8.212490 	 76.989000 	
8.213340 	 77.002000 	
8.214200 	 77.015000 	
8.215130 	 77.028000 	
8.216070 	 77.041000 	
8.216940 	 77.054000 	
8.217870 	 77.067000 	
8.218740 	 77.080000 	
8.219590 	 77.093000 	
8.220520 	 77.106000 	
8.221370 	 77.119000 	
8.222240 	 77.132000 	
8.224860 	 77.145000 	
8.225740 	 77.158000 	
8.226590 	 77.171000 	
8.227520 	 77.184000 	
8.228440 	 77.197000 	
8.230420 	 77.210000 	
8.230480 	 77.223000 	
8.253770 	 77.236000 	
8.253850 	 77.249000 	
8.254790 	 77.262000 	
8.268130 	 77.275000 	
8.268190 	 77.287000 	
8.268250 	 77.300000 	
8.268310 	 77.313000 	
8.268370 	 77.326000 	
8.268430 	 77.339000 	
8.268500 	 77.352000 	
8.268560 	 77.365000 	
8.268620 	 77.378000 	
8.268680 	 77.391000 	
8.268740 	 77.404000 	
8.268800 	 77.417000 	
8.268860 	 77.430000 	
8.268920 	 77.443000 	
8.269340 	 77.456000 	
8.272810 	 77.468000 	
8.335660 	 77.481000 	
8.335960 	 77.494000 	
8.336020 	 77.507000 	
8.336080 	 77.520000 	
8.336150 	 77.533000 	
8.336210 	 77.546000 	
8.336270 	 77.559000 	
8.336330 	 77.572000 	
8.336390 	 77.585000 	
8.336450 	 77.597000 	
8.336510 	 77.610000 	
8.336650 	 77.623000 	
8.336710 	 77.636000 	
8.336770 	 77.649000 	
8.336840 	 77.662000 	
8.336900 	 77.675000 	
8.336960 	 77.688000 	
8.337020 	 77.700000 	
8.337080 	 77.713000 	
8.337140 	 77.726000 	
8.377500 	 77.739000 	
8.377580 	 77.752000 	
8.384050 	 77.765000 	
8.384110 	 77.778000 	
8.384170 	 77.790000 	
8.384230 	 77.803000 	
8.384290 	 77.816000 	
8.384360 	 77.829000 	
8.391070 	 77.842000 	
8.392940 	 77.855000 	
8.393000 	 77.868000 	
8.393760 	 77.880000 	
8.394630 	 77.893000 	
8.395500 	 77.906000 	
8.396430 	 77.919000 	
8.397300 	 77.932000 	
8.399260 	 77.945000 	
8.399680 	 77.957000 	
8.400550 	 77.970000 	
8.404040 	 77.983000 	
8.419010 	 77.996000 	
8.422640 	 78.009000 	
8.424950 	 78.022000 	
8.425810 	 78.034000 	
8.426660 	 78.047000 	
8.427510 	 78.060000 	
8.428360 	 78.073000 	
8.429300 	 78.086000 	
8.432540 	 78.098000 	
8.434550 	 78.111000 	
8.435510 	 78.124000 	
8.436510 	 78.137000 	
8.437600 	 78.150000 	
8.444180 	 78.162000 	
8.444270 	 78.175000 	
8.444330 	 78.188000 	
8.444460 	 78.201000 	
8.444520 	 78.214000 	
8.444580 	 78.226000 	
8.474490 	 78.239000 	
8.474550 	 78.252000 	
8.474610 	 78.265000 	
8.474670 	 78.277000 	
8.475920 	 78.290000 	
8.476790 	 78.303000 	
8.477720 	 78.316000 	
8.478640 	 78.329000 	
8.479570 	 78.341000 	
8.480420 	 78.354000 	
8.481270 	 78.367000 	
8.482200 	 78.380000 	
8.484160 	 78.392000 	
8.484220 	 78.405000 	
8.485090 	 78.418000 	
8.485940 	 78.431000 	
8.486790 	 78.443000 	
8.487650 	 78.456000 	
8.488500 	 78.469000 	
8.489350 	 78.482000 	
8.516130 	 78.494000 	
8.516250 	 78.507000 	
8.517260 	 78.520000 	
8.518220 	 78.533000 	
8.530820 	 78.545000 	
8.530880 	 78.558000 	
8.530940 	 78.571000 	
8.531000 	 78.584000 	
8.531060 	 78.596000 	
8.531120 	 78.609000 	
8.531180 	 78.622000 	
8.531240 	 78.634000 	
8.531300 	 78.647000 	
8.531360 	 78.660000 	
8.531430 	 78.673000 	
8.531490 	 78.685000 	
8.531550 	 78.698000 	
8.531610 	 78.711000 	
8.531670 	 78.723000 	
8.531830 	 78.736000 	
8.568420 	 78.749000 	
8.568480 	 78.761000 	
8.568540 	 78.774000 	
8.568600 	 78.787000 	
8.572420 	 78.800000 	
8.573380 	 78.812000 	
8.573510 	 78.825000 	
8.579010 	 78.838000 	
8.579070 	 78.850000 	
8.619130 	 78.863000 	
8.619210 	 78.876000 	
8.619350 	 78.888000 	
8.619410 	 78.901000 	
8.619490 	 78.914000 	
8.619550 	 78.926000 	
8.619610 	 78.939000 	
8.619670 	 78.952000 	
8.619750 	 78.964000 	
8.619810 	 78.977000 	
8.619870 	 78.990000 	
8.619930 	 79.002000 	
8.620000 	 79.015000 	
8.620060 	 79.028000 	
8.620190 	 79.040000 	
8.620250 	 79.053000 	
8.620310 	 79.066000 	
8.620370 	 79.078000 	
8.620500 	 79.091000 	
8.620860 	 79.104000 	
8.661350 	 79.116000 	
8.661680 	 79.129000 	
8.662750 	 79.141000 	
8.663670 	 79.154000 	
8.664240 	 79.167000 	
8.667300 	 79.179000 	
8.667360 	 79.192000 	
8.667420 	 79.205000 	
8.667890 	 79.217000 	
8.668810 	 79.230000 	
8.669670 	 79.243000 	
8.670520 	 79.255000 	
8.671440 	 79.268000 	
8.672300 	 79.280000 	
8.673150 	 79.293000 	
8.674000 	 79.306000 	
8.674880 	 79.318000 	
8.675750 	 79.331000 	
8.676620 	 79.343000 	
8.677550 	 79.356000 	
8.702780 	 79.369000 	
8.704790 	 79.381000 	
8.704920 	 79.394000 	
8.705160 	 79.406000 	
8.718540 	 79.419000 	
8.719470 	 79.432000 	
8.723980 	 79.444000 	
8.727830 	 79.457000 	
8.727900 	 79.469000 	
8.733940 	 79.482000 	
8.734000 	 79.495000 	
8.734060 	 79.507000 	
8.734120 	 79.520000 	
8.734180 	 79.532000 	
8.734840 	 79.545000 	
8.735760 	 79.557000 	
8.736680 	 79.570000 	
8.737540 	 79.583000 	
8.738390 	 79.595000 	
8.739450 	 79.608000 	
8.743680 	 79.620000 	
8.759950 	 79.633000 	
8.760010 	 79.645000 	
8.760070 	 79.658000 	
8.760130 	 79.670000 	
8.760380 	 79.683000 	
8.825440 	 79.696000 	
8.825500 	 79.708000 	
8.825560 	 79.721000 	
8.825630 	 79.733000 	
8.826560 	 79.746000 	
8.827600 	 79.758000 	
8.828530 	 79.771000 	
8.829400 	 79.783000 	
8.830400 	 79.796000 	
8.831130 	 79.808000 	
8.832050 	 79.821000 	
8.834840 	 79.833000 	
8.835690 	 79.846000 	
8.836540 	 79.859000 	
8.837400 	 79.871000 	
8.838250 	 79.884000 	
8.839100 	 79.896000 	
8.839950 	 79.909000 	
8.840810 	 79.921000 	
8.841680 	 79.934000 	
8.866340 	 79.946000 	
8.867190 	 79.959000 	
8.868040 	 79.971000 	
8.868900 	 79.984000 	
8.869750 	 79.996000 	
8.870600 	 80.009000 	
8.871640 	 80.021000 	
8.872570 	 80.034000 	
8.873440 	 80.046000 	
8.874320 	 80.059000 	
8.950450 	 80.071000 	
8.950510 	 80.084000 	
8.950580 	 80.096000 	
8.950640 	 80.109000 	
8.950700 	 80.121000 	
8.950760 	 80.134000 	
8.950820 	 80.146000 	
8.950880 	 80.159000 	
8.950940 	 80.171000 	
8.951310 	 80.183000 	
8.951390 	 80.196000 	
8.951450 	 80.208000 	
8.951510 	 80.221000 	
8.951650 	 80.233000 	
8.951710 	 80.246000 	
8.951770 	 80.258000 	
8.951830 	 80.271000 	
8.951890 	 80.283000 	
8.951950 	 80.296000 	
8.952010 	 80.308000 	
8.998810 	 80.321000 	
8.998870 	 80.333000 	
8.998940 	 80.345000 	
8.999000 	 80.358000 	
8.999060 	 80.370000 	
8.999120 	 80.383000 	
8.999180 	 80.395000 	
9.004480 	 80.408000 	
9.006270 	 80.420000 	
9.007190 	 80.433000 	
9.007850 	 80.445000 	
9.009000 	 80.457000 	
9.009760 	 80.470000 	
9.010690 	 80.482000 	
9.011540 	 80.495000 	
9.012410 	 80.507000 	
9.013300 	 80.520000 	
9.014170 	 80.532000 	
9.015100 	 80.544000 	
9.016020 	 80.557000 	
9.039720 	 80.569000 	
9.040570 	 80.582000 	
9.041420 	 80.594000 	
9.065980 	 80.606000 	
9.066040 	 80.619000 	
9.066100 	 80.631000 	
9.066160 	 80.644000 	
9.066220 	 80.656000 	
9.066280 	 80.668000 	
9.066340 	 80.681000 	
9.066400 	 80.693000 	
9.066470 	 80.706000 	
9.066530 	 80.718000 	
9.066670 	 80.730000 	
9.066730 	 80.743000 	
9.066790 	 80.755000 	
9.066850 	 80.768000 	
9.066910 	 80.780000 	
9.066970 	 80.792000 	
9.067030 	 80.805000 	
9.080620 	 80.817000 	
9.081470 	 80.829000 	
9.082320 	 80.842000 	
9.107660 	 80.854000 	
9.120750 	 80.867000 	
9.121600 	 80.879000 	
9.122520 	 80.891000 	
9.123380 	 80.904000 	
9.124230 	 80.916000 	
9.125080 	 80.928000 	
9.125940 	 80.941000 	
9.126790 	 80.953000 	
9.127640 	 80.965000 	
9.128580 	 80.978000 	
9.129430 	 80.990000 	
9.130280 	 81.002000 	
9.131130 	 81.015000 	
9.131990 	 81.027000 	
9.132840 	 81.039000 	
9.133760 	 81.052000 	
9.134620 	 81.064000 	
9.135470 	 81.077000 	
9.136320 	 81.089000 	
9.155650 	 81.101000 	
9.178050 	 81.114000 	
9.178910 	 81.126000 	
9.180120 	 81.138000 	
9.180990 	 81.150000 	
9.181920 	 81.163000 	
9.182770 	 81.175000 	
9.183640 	 81.187000 	
9.184500 	 81.200000 	
9.185370 	 81.212000 	
9.186220 	 81.224000 	
9.187080 	 81.237000 	
9.187930 	 81.249000 	
9.188780 	 81.261000 	
9.189660 	 81.274000 	
9.190510 	 81.286000 	
9.191360 	 81.298000 	
9.192210 	 81.311000 	
9.193070 	 81.323000 	
9.193920 	 81.335000 	
9.197410 	 81.347000 	
9.232340 	 81.360000 	
9.233190 	 81.372000 	
9.234040 	 81.384000 	
9.234900 	 81.397000 	
9.235900 	 81.409000 	
9.236840 	 81.421000 	
9.237880 	 81.433000 	
9.238810 	 81.446000 	
9.239970 	 81.458000 	
9.240960 	 81.470000 	
9.241890 	 81.483000 	
9.242810 	 81.495000 	
9.243740 	 81.507000 	
9.244660 	 81.519000 	
9.245510 	 81.532000 	
9.246370 	 81.544000 	
9.247240 	 81.556000 	
9.248090 	 81.568000 	
9.249020 	 81.581000 	
9.249870 	 81.593000 	
9.277110 	 81.605000 	
9.278110 	 81.617000 	
9.294390 	 81.630000 	
9.294450 	 81.642000 	
9.294510 	 81.654000 	
9.294570 	 81.666000 	
9.294630 	 81.679000 	
9.294690 	 81.691000 	
9.294750 	 81.703000 	
9.295310 	 81.715000 	
9.296180 	 81.728000 	
9.297050 	 81.740000 	
9.299060 	 81.752000 	
9.299930 	 81.764000 	
9.300860 	 81.777000 	
9.302140 	 81.789000 	
9.303100 	 81.801000 	
9.303460 	 81.813000 	
9.304380 	 81.825000 	
9.305240 	 81.838000 	
9.318730 	 81.850000 	
9.366350 	 81.862000 	
9.366410 	 81.874000 	
9.366470 	 81.887000 	
9.366530 	 81.899000 	
9.366680 	 81.911000 	
9.366740 	 81.923000 	
9.366800 	 81.935000 	
9.366960 	 81.948000 	
9.367020 	 81.960000 	
9.367080 	 81.972000 	
9.367150 	 81.984000 	
9.367210 	 81.996000 	
9.367270 	 82.009000 	
9.367330 	 82.021000 	
9.367390 	 82.033000 	
9.367690 	 82.045000 	
9.367750 	 82.057000 	
9.367810 	 82.070000 	
9.367870 	 82.082000 	
9.391310 	 82.094000 	
9.407500 	 82.106000 	
9.408540 	 82.118000 	
9.409500 	 82.130000 	
9.416170 	 82.143000 	
9.416240 	 82.155000 	
9.416300 	 82.167000 	
9.416360 	 82.179000 	
9.416420 	 82.191000 	
9.416480 	 82.203000 	
9.416540 	 82.216000 	
9.416630 	 82.228000 	
9.417500 	 82.240000 	
9.418460 	 82.252000 	
9.419380 	 82.264000 	
9.420240 	 82.276000 	
9.421110 	 82.289000 	
9.421960 	 82.301000 	
9.422820 	 82.313000 	
9.423670 	 82.325000 	
9.436160 	 82.337000 	
9.465090 	 82.349000 	
9.465220 	 82.361000 	
9.465280 	 82.374000 	
9.465410 	 82.386000 	
9.466300 	 82.398000 	
9.467170 	 82.410000 	
9.468050 	 82.422000 	
9.468970 	 82.434000 	
9.469900 	 82.446000 	
9.470750 	 82.459000 	
9.471600 	 82.471000 	
9.472480 	 82.483000 	
9.473330 	 82.495000 	
9.474180 	 82.507000 	
9.475030 	 82.519000 	
9.475890 	 82.531000 	
9.476740 	 82.543000 	
9.478390 	 82.556000 	
9.478450 	 82.568000 	
9.501550 	 82.580000 	
9.505990 	 82.592000 	
9.506840 	 82.604000 	
9.507700 	 82.616000 	
9.508620 	 82.628000 	
9.509470 	 82.640000 	
9.510330 	 82.652000 	
9.511180 	 82.665000 	
9.512030 	 82.677000 	
9.512880 	 82.689000 	
9.513740 	 82.701000 	
9.514590 	 82.713000 	
9.515440 	 82.725000 	
9.516300 	 82.737000 	
9.517150 	 82.749000 	
9.518000 	 82.761000 	
9.518850 	 82.773000 	
9.519790 	 82.785000 	
9.520660 	 82.797000 	
9.521540 	 82.810000 	
9.542450 	 82.822000 	
9.546890 	 82.834000 	
9.547740 	 82.846000 	
9.548600 	 82.858000 	
9.549520 	 82.870000 	
9.550380 	 82.882000 	
9.551230 	 82.894000 	
9.552080 	 82.906000 	
9.552930 	 82.918000 	
9.553900 	 82.930000 	
9.554640 	 82.942000 	
9.555490 	 82.954000 	
9.556340 	 82.966000 	
9.557200 	 82.978000 	
9.558050 	 82.991000 	
9.558900 	 83.003000 	
9.559830 	 83.015000 	
9.560690 	 83.027000 	
9.561570 	 83.039000 	
9.562440 	 83.051000 	
9.584400 	 83.063000 	
9.588570 	 83.075000 	
9.589520 	 83.087000 	
9.589590 	 83.099000 	
9.614310 	 83.111000 	
9.614370 	 83.123000 	
9.614440 	 83.135000 	
9.614500 	 83.147000 	
9.614560 	 83.159000 	
9.614620 	 83.171000 	
9.614680 	 83.183000 	
9.614740 	 83.195000 	
9.614800 	 83.207000 	
9.614860 	 83.219000 	
9.614920 	 83.231000 	
9.614980 	 83.243000 	
9.615120 	 83.255000 	
9.615190 	 83.267000 	
9.615250 	 83.279000 	
9.615310 	 83.291000 	
9.625470 	 83.303000 	
9.629470 	 83.315000 	
9.630430 	 83.327000 	
9.631280 	 83.339000 	
9.655640 	 83.351000 	
9.656570 	 83.363000 	
9.657440 	 83.375000 	
9.658360 	 83.387000 	
9.659220 	 83.399000 	
9.682440 	 83.411000 	
9.682500 	 83.423000 	
9.682560 	 83.435000 	
9.682620 	 83.447000 	
9.682680 	 83.459000 	
9.682740 	 83.471000 	
9.682810 	 83.483000 	
9.682870 	 83.495000 	
9.682930 	 83.507000 	
9.682990 	 83.519000 	
9.683050 	 83.531000 	
9.683110 	 83.543000 	
9.683170 	 83.555000 	
9.683310 	 83.567000 	
9.683370 	 83.579000 	
9.698730 	 83.591000 	
9.699580 	 83.603000 	
9.700430 	 83.615000 	
9.701370 	 83.627000 	
9.702240 	 83.639000 	
9.741000 	 83.651000 	
9.742330 	 83.663000 	
9.743360 	 83.675000 	
9.743560 	 83.687000 	
9.744790 	 83.698000 	
9.745660 	 83.710000 	
9.746590 	 83.722000 	
9.747440 	 83.734000 	
9.748290 	 83.746000 	
9.749140 	 83.758000 	
9.750020 	 83.770000 	
9.750870 	 83.782000 	
9.751720 	 83.794000 	
9.752580 	 83.806000 	
9.753430 	 83.818000 	
9.754300 	 83.830000 	
9.755160 	 83.842000 	
9.756010 	 83.854000 	
9.756860 	 83.866000 	
9.757710 	 83.877000 	
9.781900 	 83.889000 	
9.822550 	 83.901000 	
9.822610 	 83.913000 	
9.822670 	 83.925000 	
9.822730 	 83.937000 	
9.823190 	 83.949000 	
9.824910 	 83.961000 	
9.825790 	 83.973000 	
9.856830 	 83.985000 	
9.857820 	 83.997000 	
9.858890 	 84.009000 	
9.860050 	 84.020000 	
9.861020 	 84.032000 	
9.862810 	 84.044000 	
9.876810 	 84.056000 	
9.876870 	 84.068000 	
9.877810 	 84.080000 	
9.877870 	 84.092000 	
9.878800 	 84.104000 	
9.878860 	 84.116000 	
9.878920 	 84.128000 	
9.879020 	 84.139000 	
9.879080 	 84.151000 	
9.887580 	 84.163000 	
9.887640 	 84.175000 	
9.887700 	 84.187000 	
9.887760 	 84.199000 	
9.887820 	 84.211000 	
9.934610 	 84.223000 	
9.934670 	 84.234000 	
9.934730 	 84.246000 	
9.934790 	 84.258000 	
9.934850 	 84.270000 	
9.934910 	 84.282000 	
9.935060 	 84.294000 	
9.935120 	 84.306000 	
9.935180 	 84.317000 	
9.935240 	 84.329000 	
9.935300 	 84.341000 	
9.935360 	 84.353000 	
9.935420 	 84.365000 	
9.935480 	 84.377000 	
9.935540 	 84.389000 	
9.935600 	 84.400000 	
9.935660 	 84.412000 	
9.935720 	 84.424000 	
9.935780 	 84.436000 	
9.936260 	 84.448000 	
9.975870 	 84.460000 	
9.976740 	 84.472000 	
