0.000000 	 1.000000 	
0.140130 	 2.000000 	
0.181030 	 3.000000 	
0.183750 	 4.000000 	
0.221930 	 5.000000 	
0.222780 	 6.000000 	
0.225380 	 7.000000 	
0.226310 	 8.000000 	
0.262830 	 9.000000 	
0.263690 	 10.000000 	
0.272210 	 11.000000 	
0.273060 	 12.000000 	
0.273920 	 13.000000 	
0.274770 	 14.000000 	
0.275620 	 15.000000 	
0.276470 	 16.000000 	
0.303740 	 17.000000 	
0.317830 	 18.000000 	
0.318080 	 19.000000 	
0.318140 	 20.000000 	
0.318200 	 20.050000 	
0.325500 	 20.100000 	
0.326300 	 20.150000 	
0.327230 	 20.199000 	
0.328210 	 20.249000 	
0.333700 	 20.298000 	
0.333760 	 20.347000 	
0.333820 	 20.397000 	
0.333880 	 20.446000 	
0.333940 	 20.494000 	
0.334000 	 20.543000 	
0.334540 	 20.592000 	
0.345230 	 20.641000 	
0.347110 	 20.689000 	
0.371630 	 20.737000 	
0.372570 	 20.786000 	
0.373440 	 20.834000 	
0.374370 	 20.882000 	
0.375240 	 20.930000 	
0.376090 	 20.977000 	
0.377020 	 21.025000 	
0.377890 	 21.073000 	
0.378740 	 21.120000 	
0.379600 	 21.167000 	
0.380450 	 21.215000 	
0.381300 	 21.262000 	
0.382150 	 21.309000 	
0.383010 	 21.356000 	
0.383880 	 21.403000 	
0.384730 	 21.449000 	
0.385590 	 21.496000 	
0.386510 	 21.542000 	
0.387440 	 21.589000 	
0.388310 	 21.635000 	
0.412760 	 21.681000 	
0.413780 	 21.727000 	
0.423610 	 21.773000 	
0.423670 	 21.819000 	
0.423730 	 21.865000 	
0.423790 	 21.911000 	
0.423850 	 21.957000 	
0.423910 	 22.002000 	
0.423980 	 22.048000 	
0.424040 	 22.093000 	
0.424100 	 22.138000 	
0.424160 	 22.183000 	
0.424220 	 22.228000 	
0.424280 	 22.273000 	
0.425050 	 22.318000 	
0.425900 	 22.363000 	
0.426750 	 22.408000 	
0.427610 	 22.453000 	
0.428460 	 22.497000 	
0.429310 	 22.542000 	
0.454410 	 22.586000 	
0.455360 	 22.630000 	
0.465010 	 22.674000 	
0.465370 	 22.718000 	
0.466220 	 22.762000 	
0.503970 	 22.806000 	
0.504030 	 22.850000 	
0.504090 	 22.894000 	
0.504150 	 22.938000 	
0.504210 	 22.981000 	
0.504280 	 23.025000 	
0.504340 	 23.068000 	
0.504400 	 23.112000 	
0.504460 	 23.155000 	
0.504520 	 23.198000 	
0.504580 	 23.241000 	
0.504640 	 23.284000 	
0.504700 	 23.327000 	
0.504760 	 23.370000 	
0.505450 	 23.413000 	
0.506320 	 23.455000 	
0.507200 	 23.498000 	
0.508050 	 23.541000 	
0.508920 	 23.583000 	
0.509800 	 23.626000 	
0.544920 	 23.668000 	
0.559100 	 23.710000 	
0.559160 	 23.752000 	
0.559220 	 23.794000 	
0.559290 	 23.836000 	
0.559350 	 23.878000 	
0.559410 	 23.920000 	
0.559470 	 23.962000 	
0.559530 	 24.004000 	
0.559590 	 24.045000 	
0.559650 	 24.087000 	
0.559710 	 24.129000 	
0.559770 	 24.170000 	
0.559830 	 24.211000 	
0.559890 	 24.253000 	
0.559950 	 24.294000 	
0.560020 	 24.335000 	
0.560080 	 24.376000 	
0.560630 	 24.417000 	
0.561480 	 24.458000 	
0.600380 	 24.499000 	
0.600510 	 24.540000 	
0.600860 	 24.581000 	
0.601710 	 24.621000 	
0.602560 	 24.662000 	
0.643520 	 24.702000 	
0.645260 	 24.743000 	
0.646140 	 24.783000 	
0.647010 	 24.824000 	
0.647930 	 24.864000 	
0.648810 	 24.904000 	
0.649660 	 24.944000 	
0.650530 	 24.984000 	
0.708490 	 25.024000 	
0.708550 	 25.064000 	
0.708610 	 25.104000 	
0.708680 	 25.144000 	
0.708740 	 25.184000 	
0.708800 	 25.224000 	
0.708860 	 25.263000 	
0.708920 	 25.303000 	
0.708980 	 25.342000 	
0.709040 	 25.382000 	
0.709100 	 25.421000 	
0.709160 	 25.461000 	
0.709220 	 25.500000 	
0.709280 	 25.539000 	
0.709340 	 25.578000 	
0.709400 	 25.617000 	
0.709470 	 25.656000 	
0.709530 	 25.695000 	
0.709590 	 25.734000 	
0.709650 	 25.773000 	
0.749400 	 25.812000 	
0.763470 	 25.851000 	
0.763530 	 25.889000 	
0.763590 	 25.928000 	
0.763660 	 25.967000 	
0.763720 	 26.005000 	
0.763780 	 26.044000 	
0.763840 	 26.082000 	
0.763900 	 26.120000 	
0.763960 	 26.159000 	
0.764020 	 26.197000 	
0.764080 	 26.235000 	
0.764140 	 26.273000 	
0.764200 	 26.311000 	
0.764260 	 26.349000 	
0.764320 	 26.387000 	
0.764380 	 26.425000 	
0.764940 	 26.463000 	
0.765790 	 26.501000 	
0.766720 	 26.538000 	
0.877810 	 26.576000 	
0.877870 	 26.614000 	
0.877930 	 26.651000 	
0.878310 	 26.689000 	
0.878370 	 26.726000 	
0.878440 	 26.764000 	
0.878500 	 26.801000 	
0.878560 	 26.838000 	
0.878620 	 26.876000 	
0.878680 	 26.913000 	
0.878740 	 26.950000 	
0.878800 	 26.987000 	
0.878880 	 27.024000 	
0.878980 	 27.061000 	
0.879040 	 27.098000 	
0.879100 	 27.135000 	
0.879160 	 27.172000 	
0.879240 	 27.209000 	
0.879300 	 27.245000 	
0.879360 	 27.282000 	
0.918860 	 27.319000 	
0.920590 	 27.355000 	
0.922320 	 27.392000 	
0.923170 	 27.428000 	
0.924020 	 27.465000 	
0.924960 	 27.501000 	
0.925830 	 27.538000 	
0.926760 	 27.574000 	
0.927630 	 27.610000 	
0.928560 	 27.646000 	
0.929410 	 27.683000 	
0.930260 	 27.719000 	
0.931110 	 27.755000 	
0.931990 	 27.791000 	
0.932840 	 27.827000 	
0.933690 	 27.863000 	
0.934550 	 27.899000 	
0.935400 	 27.934000 	
0.936250 	 27.970000 	
0.937100 	 28.006000 	
0.961160 	 28.042000 	
0.977870 	 28.077000 	
0.977930 	 28.113000 	
0.978000 	 28.149000 	
0.978060 	 28.184000 	
0.978120 	 28.220000 	
0.978180 	 28.255000 	
0.978240 	 28.290000 	
0.978300 	 28.326000 	
0.978360 	 28.361000 	
0.978420 	 28.396000 	
0.978480 	 28.432000 	
0.978540 	 28.467000 	
0.978600 	 28.502000 	
0.978660 	 28.537000 	
0.978720 	 28.572000 	
0.978790 	 28.607000 	
0.979080 	 28.642000 	
0.980870 	 28.677000 	
0.981070 	 28.712000 	
1.004730 	 28.747000 	
1.032370 	 28.781000 	
1.032430 	 28.816000 	
1.032490 	 28.851000 	
1.032550 	 28.885000 	
1.032610 	 28.920000 	
1.032670 	 28.955000 	
1.032730 	 28.989000 	
1.032790 	 29.024000 	
1.032850 	 29.058000 	
1.032910 	 29.093000 	
1.032980 	 29.127000 	
1.033040 	 29.161000 	
1.033100 	 29.196000 	
1.033160 	 29.230000 	
1.033800 	 29.264000 	
1.034650 	 29.298000 	
1.035500 	 29.332000 	
1.036360 	 29.366000 	
1.037210 	 29.400000 	
1.046070 	 29.434000 	
1.073270 	 29.468000 	
1.074120 	 29.502000 	
1.074980 	 29.536000 	
1.075830 	 29.570000 	
1.076680 	 29.604000 	
1.077530 	 29.638000 	
1.078390 	 29.671000 	
1.079240 	 29.705000 	
1.080090 	 29.739000 	
1.080940 	 29.772000 	
1.081800 	 29.806000 	
1.082650 	 29.840000 	
1.083500 	 29.873000 	
1.084360 	 29.907000 	
1.085210 	 29.940000 	
1.086060 	 29.973000 	
1.086910 	 30.007000 	
1.087770 	 30.040000 	
1.088620 	 30.073000 	
1.089470 	 30.107000 	
1.139720 	 30.140000 	
1.140680 	 30.173000 	
1.141650 	 30.206000 	
1.142580 	 30.239000 	
1.143520 	 30.272000 	
1.147120 	 30.305000 	
1.147180 	 30.338000 	
1.147240 	 30.371000 	
1.147840 	 30.404000 	
1.148720 	 30.437000 	
1.149640 	 30.470000 	
1.150500 	 30.503000 	
1.151510 	 30.536000 	
1.152940 	 30.568000 	
1.153130 	 30.601000 	
1.243190 	 30.634000 	
1.243250 	 30.666000 	
1.243320 	 30.699000 	
1.243380 	 30.732000 	
1.243440 	 30.764000 	
1.243500 	 30.797000 	
1.243560 	 30.829000 	
1.243620 	 30.862000 	
1.243680 	 30.894000 	
1.243740 	 30.926000 	
1.243800 	 30.959000 	
1.243860 	 30.991000 	
1.243920 	 31.023000 	
1.244000 	 31.055000 	
1.244150 	 31.088000 	
1.244210 	 31.120000 	
1.244270 	 31.152000 	
1.244330 	 31.184000 	
1.244390 	 31.216000 	
1.244450 	 31.248000 	
1.284890 	 31.280000 	
1.285760 	 31.312000 	
1.286700 	 31.344000 	
1.287620 	 31.376000 	
1.288550 	 31.408000 	
1.289420 	 31.440000 	
1.290280 	 31.471000 	
1.291130 	 31.503000 	
1.291980 	 31.535000 	
1.292850 	 31.567000 	
1.293710 	 31.598000 	
1.294560 	 31.630000 	
1.295410 	 31.662000 	
1.297380 	 31.693000 	
1.297510 	 31.725000 	
1.298890 	 31.756000 	
1.300230 	 31.788000 	
1.300360 	 31.819000 	
1.301030 	 31.851000 	
1.323210 	 31.882000 	
1.338940 	 31.913000 	
1.339000 	 31.945000 	
1.339060 	 31.976000 	
1.339130 	 32.007000 	
1.339190 	 32.039000 	
1.339250 	 32.070000 	
1.339310 	 32.101000 	
1.339390 	 32.132000 	
1.339540 	 32.163000 	
1.339600 	 32.194000 	
1.339660 	 32.225000 	
1.339850 	 32.256000 	
1.339910 	 32.287000 	
1.339980 	 32.318000 	
1.340040 	 32.349000 	
1.340970 	 32.380000 	
1.341890 	 32.411000 	
1.341980 	 32.442000 	
1.343040 	 32.473000 	
1.366270 	 32.504000 	
1.392030 	 32.534000 	
1.392090 	 32.565000 	
1.392720 	 32.596000 	
1.392780 	 32.627000 	
1.392870 	 32.657000 	
1.392930 	 32.688000 	
1.393070 	 32.718000 	
1.393130 	 32.749000 	
1.398330 	 32.779000 	
1.399280 	 32.810000 	
1.401600 	 32.840000 	
1.402520 	 32.871000 	
1.403390 	 32.901000 	
1.404270 	 32.932000 	
1.405120 	 32.962000 	
1.405990 	 32.992000 	
1.406930 	 33.023000 	
1.407810 	 33.053000 	
1.408680 	 33.083000 	
1.409550 	 33.114000 	
1.432930 	 33.144000 	
1.433820 	 33.174000 	
1.434690 	 33.204000 	
1.435560 	 33.234000 	
1.436500 	 33.264000 	
1.437420 	 33.294000 	
1.438700 	 33.324000 	
1.440540 	 33.354000 	
1.441470 	 33.384000 	
1.442320 	 33.414000 	
1.443190 	 33.444000 	
1.444120 	 33.474000 	
1.444970 	 33.504000 	
1.445820 	 33.534000 	
1.446680 	 33.564000 	
1.463230 	 33.593000 	
1.463310 	 33.623000 	
1.463390 	 33.653000 	
1.463450 	 33.683000 	
1.463590 	 33.712000 	
1.473840 	 33.742000 	
1.502240 	 33.772000 	
1.502300 	 33.801000 	
1.502370 	 33.831000 	
1.502430 	 33.860000 	
1.502490 	 33.890000 	
1.502550 	 33.919000 	
1.502610 	 33.949000 	
1.502670 	 33.978000 	
1.502730 	 34.008000 	
1.502790 	 34.037000 	
1.502850 	 34.067000 	
1.502910 	 34.096000 	
1.502970 	 34.125000 	
1.503060 	 34.155000 	
1.505630 	 34.184000 	
1.506560 	 34.213000 	
1.507410 	 34.242000 	
1.508340 	 34.272000 	
1.509190 	 34.301000 	
1.514740 	 34.330000 	
1.544110 	 34.359000 	
1.545070 	 34.388000 	
1.545130 	 34.417000 	
1.555810 	 34.446000 	
1.555870 	 34.475000 	
1.555930 	 34.504000 	
1.555990 	 34.533000 	
1.556060 	 34.562000 	
1.556120 	 34.591000 	
1.556180 	 34.620000 	
1.556240 	 34.649000 	
1.556300 	 34.678000 	
1.556360 	 34.707000 	
1.556420 	 34.735000 	
1.556480 	 34.764000 	
1.556540 	 34.793000 	
1.557180 	 34.822000 	
1.558040 	 34.850000 	
1.558890 	 34.879000 	
1.560810 	 34.908000 	
1.585740 	 34.936000 	
1.586670 	 34.965000 	
1.589420 	 34.994000 	
1.607590 	 35.022000 	
1.607650 	 35.051000 	
1.607710 	 35.079000 	
1.607770 	 35.108000 	
1.607830 	 35.136000 	
1.607890 	 35.165000 	
1.607950 	 35.193000 	
1.608010 	 35.222000 	
1.608070 	 35.250000 	
1.608130 	 35.278000 	
1.608190 	 35.307000 	
1.608260 	 35.335000 	
1.608320 	 35.363000 	
1.608470 	 35.392000 	
1.609400 	 35.420000 	
1.610330 	 35.448000 	
1.611210 	 35.476000 	
1.626640 	 35.505000 	
1.627580 	 35.533000 	
1.632110 	 35.561000 	
1.653970 	 35.589000 	
1.654040 	 35.617000 	
1.654100 	 35.645000 	
1.654160 	 35.673000 	
1.654220 	 35.701000 	
1.654350 	 35.729000 	
1.654410 	 35.757000 	
1.654730 	 35.785000 	
1.669140 	 35.813000 	
1.669200 	 35.841000 	
1.682620 	 35.869000 	
1.682680 	 35.897000 	
1.682740 	 35.925000 	
1.682800 	 35.953000 	
1.682860 	 35.980000 	
1.682920 	 36.008000 	
1.682990 	 36.036000 	
1.683100 	 36.064000 	
1.683950 	 36.091000 	
1.684870 	 36.119000 	
1.695530 	 36.147000 	
1.697410 	 36.174000 	
1.697540 	 36.202000 	
1.700460 	 36.230000 	
1.700550 	 36.257000 	
1.700630 	 36.285000 	
1.700690 	 36.312000 	
1.701710 	 36.340000 	
1.711640 	 36.368000 	
1.725250 	 36.395000 	
1.725310 	 36.423000 	
1.725370 	 36.450000 	
1.725430 	 36.477000 	
1.726170 	 36.505000 	
1.727110 	 36.532000 	
1.727980 	 36.560000 	
1.728910 	 36.587000 	
1.729830 	 36.614000 	
1.730760 	 36.642000 	
1.731630 	 36.669000 	
1.736430 	 36.696000 	
1.738310 	 36.723000 	
1.739170 	 36.751000 	
1.741370 	 36.778000 	
1.742220 	 36.805000 	
1.743210 	 36.832000 	
1.744080 	 36.859000 	
1.745120 	 36.886000 	
1.756370 	 36.914000 	
1.766900 	 36.941000 	
1.768120 	 36.968000 	
1.768990 	 36.995000 	
1.769860 	 37.022000 	
1.770720 	 37.049000 	
1.771570 	 37.076000 	
1.772420 	 37.103000 	
1.773300 	 37.130000 	
1.774230 	 37.157000 	
1.775110 	 37.184000 	
1.776030 	 37.210000 	
1.777340 	 37.237000 	
1.779220 	 37.264000 	
1.780070 	 37.291000 	
1.782270 	 37.318000 	
1.783120 	 37.345000 	
1.784110 	 37.371000 	
1.784980 	 37.398000 	
1.786020 	 37.425000 	
1.797380 	 37.452000 	
1.809270 	 37.478000 	
1.826780 	 37.505000 	
1.826840 	 37.532000 	
1.826910 	 37.558000 	
1.826970 	 37.585000 	
1.827030 	 37.612000 	
1.827090 	 37.638000 	
1.827150 	 37.665000 	
1.827210 	 37.691000 	
1.827270 	 37.718000 	
1.827330 	 37.744000 	
1.827410 	 37.771000 	
1.836550 	 37.797000 	
1.837420 	 37.824000 	
1.838280 	 37.850000 	
1.839130 	 37.877000 	
1.839980 	 37.903000 	
1.840860 	 37.929000 	
1.841740 	 37.956000 	
1.842670 	 37.982000 	
1.850640 	 38.008000 	
1.880700 	 38.035000 	
1.881750 	 38.061000 	
1.882480 	 38.087000 	
1.883330 	 38.114000 	
1.884190 	 38.140000 	
1.885040 	 38.166000 	
1.885890 	 38.192000 	
1.886750 	 38.218000 	
1.887600 	 38.245000 	
1.888450 	 38.271000 	
1.889300 	 38.297000 	
1.890160 	 38.323000 	
1.891010 	 38.349000 	
1.891880 	 38.375000 	
1.892740 	 38.401000 	
1.893590 	 38.427000 	
1.894440 	 38.453000 	
1.895290 	 38.479000 	
1.896150 	 38.505000 	
1.897000 	 38.531000 	
1.921610 	 38.557000 	
1.923570 	 38.583000 	
1.924500 	 38.609000 	
1.925480 	 38.635000 	
1.926760 	 38.661000 	
1.928610 	 38.687000 	
1.928690 	 38.713000 	
1.929660 	 38.738000 	
1.952640 	 38.764000 	
1.952700 	 38.790000 	
1.952760 	 38.816000 	
1.952820 	 38.842000 	
1.952880 	 38.867000 	
1.952940 	 38.893000 	
1.953000 	 38.919000 	
1.953060 	 38.944000 	
1.953120 	 38.970000 	
1.953180 	 38.996000 	
1.953240 	 39.021000 	
1.953300 	 39.047000 	
1.962980 	 39.073000 	
1.964690 	 39.098000 	
1.965540 	 39.124000 	
1.966480 	 39.149000 	
1.967660 	 39.175000 	
1.969510 	 39.200000 	
1.970360 	 39.226000 	
1.971230 	 39.251000 	
2.003040 	 39.277000 	
2.007030 	 39.302000 	
2.007910 	 39.328000 	
2.008850 	 39.353000 	
2.009840 	 39.379000 	
2.010720 	 39.404000 	
2.011590 	 39.429000 	
2.012460 	 39.455000 	
2.013320 	 39.480000 	
2.014170 	 39.505000 	
2.015040 	 39.531000 	
2.015970 	 39.556000 	
2.016890 	 39.581000 	
2.017820 	 39.607000 	
2.018690 	 39.632000 	
2.019540 	 39.657000 	
2.020470 	 39.682000 	
2.021320 	 39.708000 	
2.022170 	 39.733000 	
2.023030 	 39.758000 	
2.044030 	 39.783000 	
2.049050 	 39.808000 	
2.073460 	 39.833000 	
2.073520 	 39.858000 	
2.073600 	 39.883000 	
2.073740 	 39.909000 	
2.073800 	 39.934000 	
2.073860 	 39.959000 	
2.073920 	 39.984000 	
2.073980 	 40.009000 	
2.074040 	 40.034000 	
2.074100 	 40.059000 	
2.074170 	 40.084000 	
2.074230 	 40.109000 	
2.074290 	 40.133000 	
2.074350 	 40.158000 	
2.074410 	 40.183000 	
2.074550 	 40.208000 	
2.074610 	 40.233000 	
2.074670 	 40.258000 	
2.084930 	 40.283000 	
2.090000 	 40.308000 	
2.115190 	 40.332000 	
2.126120 	 40.357000 	
2.127000 	 40.382000 	
2.127920 	 40.407000 	
2.129180 	 40.431000 	
2.129840 	 40.456000 	
2.130610 	 40.481000 	
2.131600 	 40.506000 	
2.132520 	 40.530000 	
2.133390 	 40.555000 	
2.134250 	 40.580000 	
2.135100 	 40.604000 	
2.136140 	 40.629000 	
2.136990 	 40.654000 	
2.137850 	 40.678000 	
2.138700 	 40.703000 	
2.139550 	 40.727000 	
2.140420 	 40.752000 	
2.141280 	 40.776000 	
2.142130 	 40.801000 	
2.156720 	 40.825000 	
2.183680 	 40.850000 	
2.183740 	 40.874000 	
2.183800 	 40.899000 	
2.183860 	 40.923000 	
2.183920 	 40.948000 	
2.183980 	 40.972000 	
2.184040 	 40.997000 	
2.184100 	 41.021000 	
2.184160 	 41.045000 	
2.184230 	 41.070000 	
2.184290 	 41.094000 	
2.184350 	 41.118000 	
2.184410 	 41.143000 	
2.184470 	 41.167000 	
2.184530 	 41.191000 	
2.184590 	 41.216000 	
2.184650 	 41.240000 	
2.184710 	 41.264000 	
2.184770 	 41.288000 	
2.198380 	 41.313000 	
2.224580 	 41.337000 	
2.225430 	 41.361000 	
2.228030 	 41.385000 	
2.228970 	 41.409000 	
2.266460 	 41.433000 	
2.267330 	 41.458000 	
2.268370 	 41.482000 	
2.269240 	 41.506000 	
2.270180 	 41.530000 	
2.271050 	 41.554000 	
2.271990 	 41.578000 	
2.272840 	 41.602000 	
2.273690 	 41.626000 	
2.274560 	 41.650000 	
2.275420 	 41.674000 	
2.276270 	 41.698000 	
2.277140 	 41.722000 	
2.278000 	 41.746000 	
2.278850 	 41.770000 	
2.279700 	 41.794000 	
2.281380 	 41.818000 	
2.281460 	 41.842000 	
2.283590 	 41.866000 	
2.283650 	 41.890000 	
2.309920 	 41.913000 	
2.310060 	 41.937000 	
2.378880 	 41.961000 	
2.378940 	 41.985000 	
2.379000 	 42.009000 	
2.379060 	 42.033000 	
2.379120 	 42.056000 	
2.379180 	 42.080000 	
2.379240 	 42.104000 	
2.379300 	 42.128000 	
2.379360 	 42.151000 	
2.379430 	 42.175000 	
2.379490 	 42.199000 	
2.379570 	 42.223000 	
2.379700 	 42.246000 	
2.379760 	 42.270000 	
2.379840 	 42.294000 	
2.379900 	 42.317000 	
2.379960 	 42.341000 	
2.380030 	 42.365000 	
2.380110 	 42.388000 	
2.380170 	 42.412000 	
2.432280 	 42.435000 	
2.432340 	 42.459000 	
2.432400 	 42.482000 	
2.432460 	 42.506000 	
2.432520 	 42.529000 	
2.432590 	 42.553000 	
2.436510 	 42.576000 	
2.440240 	 42.600000 	
2.441150 	 42.623000 	
2.442020 	 42.647000 	
2.442890 	 42.670000 	
2.443820 	 42.694000 	
2.445020 	 42.717000 	
2.445730 	 42.741000 	
2.446660 	 42.764000 	
2.447650 	 42.787000 	
2.448500 	 42.811000 	
2.449350 	 42.834000 	
2.450210 	 42.857000 	
2.451060 	 42.881000 	
2.474740 	 42.904000 	
2.474800 	 42.927000 	
2.474890 	 42.951000 	
2.477700 	 42.974000 	
2.477780 	 42.997000 	
2.478700 	 43.021000 	
2.480030 	 43.044000 	
2.486360 	 43.067000 	
2.486420 	 43.090000 	
2.486480 	 43.113000 	
2.486540 	 43.137000 	
2.486610 	 43.160000 	
2.486670 	 43.183000 	
2.500350 	 43.206000 	
2.501360 	 43.229000 	
2.501800 	 43.252000 	
2.502720 	 43.276000 	
2.503650 	 43.299000 	
2.504570 	 43.322000 	
2.505500 	 43.345000 	
2.515840 	 43.368000 	
2.516800 	 43.391000 	
2.517760 	 43.414000 	
2.518690 	 43.437000 	
2.519630 	 43.460000 	
2.521470 	 43.483000 	
2.521550 	 43.506000 	
2.528950 	 43.529000 	
2.529010 	 43.552000 	
2.529070 	 43.575000 	
2.529820 	 43.598000 	
2.530680 	 43.621000 	
2.565950 	 43.644000 	
2.566010 	 43.667000 	
2.566080 	 43.690000 	
2.566140 	 43.712000 	
2.566200 	 43.735000 	
2.566260 	 43.758000 	
2.566320 	 43.781000 	
2.566380 	 43.804000 	
2.566460 	 43.827000 	
2.566600 	 43.850000 	
2.566660 	 43.872000 	
2.566720 	 43.895000 	
2.566790 	 43.918000 	
2.566850 	 43.941000 	
2.566910 	 43.963000 	
2.569850 	 43.986000 	
2.570710 	 44.009000 	
2.571560 	 44.032000 	
2.572410 	 44.054000 	
2.573270 	 44.077000 	
2.614830 	 44.100000 	
2.615710 	 44.122000 	
2.617510 	 44.145000 	
2.618360 	 44.168000 	
2.619230 	 44.190000 	
2.620110 	 44.213000 	
2.621030 	 44.236000 	
2.621960 	 44.258000 	
2.622950 	 44.281000 	
2.623680 	 44.303000 	
2.624610 	 44.326000 	
2.625460 	 44.349000 	
2.626380 	 44.371000 	
2.627240 	 44.394000 	
2.628090 	 44.416000 	
2.628940 	 44.439000 	
2.629800 	 44.461000 	
2.630650 	 44.484000 	
2.631520 	 44.506000 	
2.632370 	 44.529000 	
2.661290 	 44.551000 	
2.661350 	 44.574000 	
2.661410 	 44.596000 	
2.661470 	 44.618000 	
2.661540 	 44.641000 	
2.661600 	 44.663000 	
2.661930 	 44.686000 	
2.662860 	 44.708000 	
2.707160 	 44.730000 	
2.723560 	 44.753000 	
2.724420 	 44.775000 	
2.725270 	 44.797000 	
2.726200 	 44.820000 	
2.727140 	 44.842000 	
2.728080 	 44.864000 	
2.729000 	 44.887000 	
2.729930 	 44.909000 	
2.730800 	 44.931000 	
2.731650 	 44.953000 	
2.732510 	 44.976000 	
2.733360 	 44.998000 	
2.734280 	 45.020000 	
2.735140 	 45.042000 	
2.736060 	 45.065000 	
2.736910 	 45.087000 	
2.737770 	 45.109000 	
2.738620 	 45.131000 	
2.739470 	 45.153000 	
2.758630 	 45.175000 	
2.786280 	 45.198000 	
2.787200 	 45.220000 	
2.787510 	 45.242000 	
2.789400 	 45.264000 	
2.790280 	 45.286000 	
2.791320 	 45.308000 	
2.792190 	 45.330000 	
2.792910 	 45.352000 	
2.793780 	 45.374000 	
2.794630 	 45.396000 	
2.795490 	 45.418000 	
2.796340 	 45.440000 	
2.797190 	 45.462000 	
2.798050 	 45.484000 	
2.798970 	 45.506000 	
2.799820 	 45.528000 	
2.800680 	 45.550000 	
2.801600 	 45.572000 	
2.802450 	 45.594000 	
2.803310 	 45.616000 	
2.827190 	 45.638000 	
2.828110 	 45.660000 	
2.828960 	 45.682000 	
2.830310 	 45.704000 	
2.831180 	 45.726000 	
2.833320 	 45.747000 	
2.856460 	 45.769000 	
2.856520 	 45.791000 	
2.856580 	 45.813000 	
2.856640 	 45.835000 	
2.856700 	 45.857000 	
2.856760 	 45.878000 	
2.856820 	 45.900000 	
2.856880 	 45.922000 	
2.857030 	 45.944000 	
2.857090 	 45.966000 	
2.857150 	 45.987000 	
2.857210 	 46.009000 	
2.857270 	 46.031000 	
2.857330 	 46.053000 	
2.868090 	 46.074000 	
2.870800 	 46.096000 	
2.870860 	 46.118000 	
2.871210 	 46.139000 	
2.872080 	 46.161000 	
2.874220 	 46.183000 	
2.897800 	 46.204000 	
2.898740 	 46.226000 	
2.899730 	 46.248000 	
2.900650 	 46.269000 	
2.901540 	 46.291000 	
2.902390 	 46.312000 	
2.903320 	 46.334000 	
2.904170 	 46.356000 	
2.905180 	 46.377000 	
2.981880 	 46.399000 	
2.981940 	 46.420000 	
2.982000 	 46.442000 	
2.982060 	 46.463000 	
2.982120 	 46.485000 	
2.982180 	 46.506000 	
2.982240 	 46.528000 	
2.982300 	 46.549000 	
2.982360 	 46.571000 	
2.982420 	 46.592000 	
2.982480 	 46.614000 	
2.982540 	 46.635000 	
2.982610 	 46.657000 	
2.982750 	 46.678000 	
2.982810 	 46.700000 	
2.982870 	 46.721000 	
2.982930 	 46.742000 	
2.982990 	 46.764000 	
2.983050 	 46.785000 	
2.983110 	 46.807000 	
3.023570 	 46.828000 	
3.024460 	 46.849000 	
3.025380 	 46.871000 	
3.026260 	 46.892000 	
3.027130 	 46.913000 	
3.027980 	 46.935000 	
3.028860 	 46.956000 	
3.029710 	 46.977000 	
3.030630 	 46.998000 	
3.031490 	 47.020000 	
3.032340 	 47.041000 	
3.033210 	 47.062000 	
3.034230 	 47.084000 	
3.035160 	 47.105000 	
3.036100 	 47.126000 	
3.037030 	 47.147000 	
3.038250 	 47.168000 	
3.039120 	 47.190000 	
3.040040 	 47.211000 	
3.040970 	 47.232000 	
3.082010 	 47.253000 	
3.082860 	 47.274000 	
3.083720 	 47.295000 	
3.084660 	 47.317000 	
3.089640 	 47.338000 	
3.089700 	 47.359000 	
3.089760 	 47.380000 	
3.089830 	 47.401000 	
3.090070 	 47.422000 	
3.090940 	 47.443000 	
3.091870 	 47.464000 	
3.092790 	 47.485000 	
3.093670 	 47.506000 	
3.094520 	 47.528000 	
3.095370 	 47.549000 	
3.096230 	 47.570000 	
3.097080 	 47.591000 	
3.097930 	 47.612000 	
3.098860 	 47.633000 	
3.099710 	 47.654000 	
3.123350 	 47.675000 	
3.123770 	 47.696000 	
3.124620 	 47.717000 	
3.125560 	 47.738000 	
3.130840 	 47.758000 	
3.151820 	 47.779000 	
3.151880 	 47.800000 	
3.151940 	 47.821000 	
3.152000 	 47.842000 	
3.152060 	 47.863000 	
3.152120 	 47.884000 	
3.152180 	 47.905000 	
3.152240 	 47.926000 	
3.152300 	 47.947000 	
3.152370 	 47.967000 	
3.152430 	 47.988000 	
3.152490 	 48.009000 	
3.152550 	 48.030000 	
3.152610 	 48.051000 	
3.152690 	 48.072000 	
3.166720 	 48.092000 	
3.167580 	 48.113000 	
3.168430 	 48.134000 	
3.169280 	 48.155000 	
3.171940 	 48.176000 	
3.206720 	 48.196000 	
3.209000 	 48.217000 	
3.209850 	 48.238000 	
3.210700 	 48.258000 	
3.211640 	 48.279000 	
3.212570 	 48.300000 	
3.215690 	 48.321000 	
3.215750 	 48.341000 	
3.215810 	 48.362000 	
3.216350 	 48.383000 	
3.217200 	 48.403000 	
3.218050 	 48.424000 	
3.218980 	 48.445000 	
3.219830 	 48.465000 	
3.220680 	 48.486000 	
3.221530 	 48.507000 	
3.222390 	 48.527000 	
3.223240 	 48.548000 	
3.224160 	 48.568000 	
3.225020 	 48.589000 	
3.248390 	 48.610000 	
3.250200 	 48.630000 	
3.250750 	 48.651000 	
3.251600 	 48.671000 	
3.252540 	 48.692000 	
3.253470 	 48.712000 	
3.256900 	 48.733000 	
3.281140 	 48.753000 	
3.281280 	 48.774000 	
3.284970 	 48.794000 	
3.285030 	 48.815000 	
3.285090 	 48.835000 	
3.285160 	 48.856000 	
3.285860 	 48.876000 	
3.286790 	 48.897000 	
3.287640 	 48.917000 	
3.288490 	 48.938000 	
3.289350 	 48.958000 	
3.290200 	 48.979000 	
3.291050 	 48.999000 	
3.291910 	 49.019000 	
3.292760 	 49.040000 	
3.293680 	 49.060000 	
3.294540 	 49.081000 	
3.295410 	 49.101000 	
3.296330 	 49.121000 	
3.298470 	 49.142000 	
3.322830 	 49.162000 	
3.328210 	 49.182000 	
3.328270 	 49.203000 	
3.328330 	 49.223000 	
3.335520 	 49.243000 	
3.336370 	 49.264000 	
3.337230 	 49.284000 	
3.338080 	 49.304000 	
3.340000 	 49.324000 	
3.340930 	 49.345000 	
3.341810 	 49.365000 	
3.342680 	 49.385000 	
3.343770 	 49.406000 	
3.349990 	 49.426000 	
3.350910 	 49.446000 	
3.350970 	 49.466000 	
3.351800 	 49.486000 	
3.352810 	 49.507000 	
3.353760 	 49.527000 	
3.354380 	 49.547000 	
3.363730 	 49.567000 	
3.369110 	 49.587000 	
3.369970 	 49.608000 	
3.370900 	 49.628000 	
3.377100 	 49.648000 	
3.398040 	 49.668000 	
3.398180 	 49.688000 	
3.398240 	 49.708000 	
3.398300 	 49.728000 	
3.398360 	 49.748000 	
3.398430 	 49.769000 	
3.398490 	 49.789000 	
3.398550 	 49.809000 	
3.398610 	 49.829000 	
3.398670 	 49.849000 	
3.398730 	 49.869000 	
3.398790 	 49.889000 	
3.466870 	 49.909000 	
3.467910 	 49.929000 	
3.487790 	 49.949000 	
3.487850 	 49.969000 	
3.488950 	 49.989000 	
3.489080 	 50.009000 	
3.489140 	 50.029000 	
3.489220 	 50.049000 	
3.489280 	 50.069000 	
3.489340 	 50.089000 	
3.489550 	 50.109000 	
3.497340 	 50.129000 	
3.498280 	 50.149000 	
3.499280 	 50.169000 	
3.500320 	 50.189000 	
3.501250 	 50.209000 	
3.503140 	 50.229000 	
3.504940 	 50.249000 	
3.505000 	 50.269000 	
3.505160 	 50.288000 	
3.507800 	 50.308000 	
3.509010 	 50.328000 	
3.541420 	 50.348000 	
3.542280 	 50.368000 	
3.543280 	 50.388000 	
3.544160 	 50.408000 	
3.545150 	 50.427000 	
3.546020 	 50.447000 	
3.546980 	 50.467000 	
3.548340 	 50.487000 	
3.548670 	 50.507000 	
3.549520 	 50.527000 	
3.550380 	 50.546000 	
3.551230 	 50.566000 	
3.552100 	 50.586000 	
3.552960 	 50.606000 	
3.553810 	 50.625000 	
3.554660 	 50.645000 	
3.555510 	 50.665000 	
3.556370 	 50.685000 	
3.557290 	 50.704000 	
3.558140 	 50.724000 	
3.582800 	 50.744000 	
3.584690 	 50.763000 	
3.584750 	 50.783000 	
3.585060 	 50.803000 	
3.586050 	 50.823000 	
3.586920 	 50.842000 	
3.616490 	 50.862000 	
3.616550 	 50.882000 	
3.616610 	 50.901000 	
3.616670 	 50.921000 	
3.616910 	 50.941000 	
3.617840 	 50.960000 	
3.618710 	 50.980000 	
3.619560 	 50.999000 	
3.620490 	 51.019000 	
3.621340 	 51.039000 	
3.622200 	 51.058000 	
3.623050 	 51.078000 	
3.623900 	 51.097000 	
3.624750 	 51.117000 	
3.625610 	 51.136000 	
3.626460 	 51.156000 	
3.627330 	 51.176000 	
3.628190 	 51.195000 	
3.629060 	 51.215000 	
3.630380 	 51.234000 	
3.657390 	 51.254000 	
3.689970 	 51.273000 	
3.713650 	 51.293000 	
3.713710 	 51.312000 	
3.713770 	 51.332000 	
3.713830 	 51.351000 	
3.713890 	 51.371000 	
3.713950 	 51.390000 	
3.714010 	 51.410000 	
3.714070 	 51.429000 	
3.714140 	 51.448000 	
3.714200 	 51.468000 	
3.714260 	 51.487000 	
3.714340 	 51.507000 	
3.714470 	 51.526000 	
3.714600 	 51.546000 	
3.714660 	 51.565000 	
3.714730 	 51.584000 	
3.714790 	 51.604000 	
3.714870 	 51.623000 	
3.714930 	 51.643000 	
3.730870 	 51.662000 	
3.755900 	 51.681000 	
3.755990 	 51.701000 	
3.772070 	 51.720000 	
3.772920 	 51.739000 	
3.773790 	 51.759000 	
3.774670 	 51.778000 	
3.775590 	 51.797000 	
3.778500 	 51.817000 	
3.783680 	 51.836000 	
3.783740 	 51.855000 	
3.783810 	 51.874000 	
3.783870 	 51.894000 	
3.783930 	 51.913000 	
3.784060 	 51.932000 	
3.784120 	 51.951000 	
3.784760 	 51.971000 	
3.785610 	 51.990000 	
3.786530 	 52.009000 	
3.787460 	 52.028000 	
3.788310 	 52.048000 	
3.797870 	 52.067000 	
3.823380 	 52.086000 	
3.823460 	 52.105000 	
3.825370 	 52.124000 	
3.825430 	 52.144000 	
3.825900 	 52.163000 	
3.826830 	 52.182000 	
3.827680 	 52.201000 	
3.828600 	 52.220000 	
3.829460 	 52.239000 	
3.830310 	 52.259000 	
3.831160 	 52.278000 	
3.832040 	 52.297000 	
3.832890 	 52.316000 	
3.833740 	 52.335000 	
3.834590 	 52.354000 	
3.835450 	 52.373000 	
3.836320 	 52.392000 	
3.837170 	 52.411000 	
3.838030 	 52.431000 	
3.838880 	 52.450000 	
3.864280 	 52.469000 	
3.865130 	 52.488000 	
3.866270 	 52.507000 	
3.867120 	 52.526000 	
3.867980 	 52.545000 	
3.868830 	 52.564000 	
3.869680 	 52.583000 	
3.870540 	 52.602000 	
3.871390 	 52.621000 	
3.872240 	 52.640000 	
3.873090 	 52.659000 	
3.874010 	 52.678000 	
3.874800 	 52.697000 	
3.875650 	 52.716000 	
3.876500 	 52.735000 	
3.877360 	 52.754000 	
3.878210 	 52.773000 	
3.879060 	 52.792000 	
3.879920 	 52.811000 	
3.880770 	 52.830000 	
3.913160 	 52.849000 	
3.913220 	 52.868000 	
3.913280 	 52.886000 	
3.913340 	 52.905000 	
3.913400 	 52.924000 	
3.913460 	 52.943000 	
3.913520 	 52.962000 	
3.913580 	 52.981000 	
3.913650 	 53.000000 	
3.913710 	 53.019000 	
3.914000 	 53.037000 	
3.983950 	 53.056000 	
3.984010 	 53.075000 	
3.984070 	 53.094000 	
3.984130 	 53.113000 	
3.984190 	 53.132000 	
3.984250 	 53.151000 	
3.984320 	 53.169000 	
3.984380 	 53.188000 	
3.984520 	 53.207000 	
3.984580 	 53.226000 	
3.984640 	 53.245000 	
3.984700 	 53.263000 	
3.984760 	 53.282000 	
3.984820 	 53.301000 	
3.984880 	 53.320000 	
3.984940 	 53.338000 	
3.985000 	 53.357000 	
3.985070 	 53.376000 	
3.985130 	 53.395000 	
3.985190 	 53.413000 	
4.025630 	 53.432000 	
4.027430 	 53.451000 	
4.028290 	 53.469000 	
4.029140 	 53.488000 	
4.029990 	 53.507000 	
4.032130 	 53.526000 	
4.033050 	 53.544000 	
4.033440 	 53.563000 	
4.034480 	 53.582000 	
4.035350 	 53.600000 	
4.036210 	 53.619000 	
4.037080 	 53.638000 	
4.037930 	 53.656000 	
4.038780 	 53.675000 	
4.039640 	 53.693000 	
4.040560 	 53.712000 	
4.041420 	 53.731000 	
4.042270 	 53.749000 	
4.043120 	 53.768000 	
4.043970 	 53.787000 	
4.066970 	 53.805000 	
4.071030 	 53.824000 	
4.071950 	 53.842000 	
4.072890 	 53.861000 	
4.073820 	 53.879000 	
4.074760 	 53.898000 	
4.075630 	 53.917000 	
4.076510 	 53.935000 	
4.077380 	 53.954000 	
4.078230 	 53.972000 	
4.079110 	 53.991000 	
4.080030 	 54.009000 	
4.080880 	 54.028000 	
4.081760 	 54.046000 	
4.082630 	 54.065000 	
4.083480 	 54.083000 	
4.105880 	 54.102000 	
4.105940 	 54.120000 	
4.106010 	 54.139000 	
4.106070 	 54.157000 	
4.120920 	 54.176000 	
4.120980 	 54.194000 	
4.121040 	 54.213000 	
4.121100 	 54.231000 	
4.129540 	 54.249000 	
4.129670 	 54.268000 	
4.130740 	 54.286000 	
4.131860 	 54.305000 	
4.132930 	 54.323000 	
4.133230 	 54.342000 	
4.134110 	 54.360000 	
4.134960 	 54.378000 	
4.137050 	 54.397000 	
4.138260 	 54.415000 	
4.138460 	 54.433000 	
4.140490 	 54.452000 	
4.152030 	 54.470000 	
4.152090 	 54.489000 	
4.152150 	 54.507000 	
4.152210 	 54.525000 	
4.180330 	 54.544000 	
4.180390 	 54.562000 	
4.180450 	 54.580000 	
4.180710 	 54.599000 	
4.181580 	 54.617000 	
4.182560 	 54.635000 	
4.183360 	 54.654000 	
4.184290 	 54.672000 	
4.185140 	 54.690000 	
4.186060 	 54.708000 	
4.186940 	 54.727000 	
4.187880 	 54.745000 	
4.188750 	 54.763000 	
4.189620 	 54.781000 	
4.190550 	 54.800000 	
4.191420 	 54.818000 	
4.193220 	 54.836000 	
4.194140 	 54.854000 	
4.195070 	 54.873000 	
4.195990 	 54.891000 	
4.242640 	 54.909000 	
4.242700 	 54.927000 	
4.242760 	 54.946000 	
4.242820 	 54.964000 	
4.242880 	 54.982000 	
4.243000 	 55.000000 	
4.243870 	 55.018000 	
4.244840 	 55.036000 	
4.245950 	 55.055000 	
4.246830 	 55.073000 	
4.247710 	 55.091000 	
4.249450 	 55.109000 	
4.250300 	 55.127000 	
4.251180 	 55.145000 	
4.252030 	 55.164000 	
4.252880 	 55.182000 	
4.253810 	 55.200000 	
4.254680 	 55.218000 	
4.255530 	 55.236000 	
4.256390 	 55.254000 	
4.283800 	 55.272000 	
4.284730 	 55.290000 	
4.285600 	 55.308000 	
4.286540 	 55.326000 	
4.287500 	 55.345000 	
4.354450 	 55.363000 	
4.354510 	 55.381000 	
4.354570 	 55.399000 	
4.354630 	 55.417000 	
4.354690 	 55.435000 	
4.354750 	 55.453000 	
4.354820 	 55.471000 	
4.354880 	 55.489000 	
4.354960 	 55.507000 	
4.355020 	 55.525000 	
4.355080 	 55.543000 	
4.355140 	 55.561000 	
4.355200 	 55.579000 	
4.355260 	 55.597000 	
4.355320 	 55.615000 	
4.355380 	 55.633000 	
4.355440 	 55.651000 	
4.355500 	 55.669000 	
4.355570 	 55.687000 	
4.355630 	 55.705000 	
4.395350 	 55.723000 	
4.396210 	 55.741000 	
4.397930 	 55.759000 	
4.398780 	 55.777000 	
4.399640 	 55.795000 	
4.401450 	 55.812000 	
4.402370 	 55.830000 	
4.403300 	 55.848000 	
4.404170 	 55.866000 	
4.440950 	 55.884000 	
4.441010 	 55.902000 	
4.441070 	 55.920000 	
4.441130 	 55.938000 	
4.441190 	 55.956000 	
4.441250 	 55.973000 	
4.441310 	 55.991000 	
4.441370 	 56.009000 	
4.441430 	 56.027000 	
4.441490 	 56.045000 	
4.441550 	 56.063000 	
4.441620 	 56.081000 	
4.441680 	 56.098000 	
4.441740 	 56.116000 	
4.441800 	 56.134000 	
4.441860 	 56.152000 	
4.442450 	 56.170000 	
4.443300 	 56.187000 	
4.445030 	 56.205000 	
4.445950 	 56.223000 	
4.483790 	 56.241000 	
4.484720 	 56.259000 	
4.486580 	 56.276000 	
4.487510 	 56.294000 	
4.487720 	 56.312000 	
4.495320 	 56.330000 	
4.496280 	 56.347000 	
4.496670 	 56.365000 	
4.497590 	 56.383000 	
4.498520 	 56.401000 	
4.499390 	 56.418000 	
4.500260 	 56.436000 	
4.501140 	 56.454000 	
4.501990 	 56.472000 	
4.502920 	 56.489000 	
4.503770 	 56.507000 	
4.504700 	 56.525000 	
4.505640 	 56.542000 	
4.506490 	 56.560000 	
4.507500 	 56.578000 	
4.527540 	 56.595000 	
4.527620 	 56.613000 	
4.527760 	 56.631000 	
4.528680 	 56.648000 	
4.529280 	 56.666000 	
4.536220 	 56.684000 	
4.537190 	 56.701000 	
4.538040 	 56.719000 	
4.538890 	 56.737000 	
4.539740 	 56.754000 	
4.540600 	 56.772000 	
4.541450 	 56.789000 	
4.542490 	 56.807000 	
4.543690 	 56.825000 	
4.544010 	 56.842000 	
4.544860 	 56.860000 	
4.545740 	 56.877000 	
4.546660 	 56.895000 	
4.547530 	 56.913000 	
4.549340 	 56.930000 	
4.592270 	 56.948000 	
4.592330 	 56.965000 	
4.592400 	 56.983000 	
4.592460 	 57.000000 	
4.592520 	 57.018000 	
4.592580 	 57.036000 	
4.592640 	 57.053000 	
4.592700 	 57.071000 	
4.592760 	 57.088000 	
4.592820 	 57.106000 	
4.592880 	 57.123000 	
4.592940 	 57.141000 	
4.593000 	 57.158000 	
4.593060 	 57.176000 	
4.593120 	 57.193000 	
4.593190 	 57.211000 	
4.593320 	 57.228000 	
4.594240 	 57.246000 	
4.595170 	 57.263000 	
4.596090 	 57.280000 	
4.633480 	 57.298000 	
4.634350 	 57.315000 	
4.635290 	 57.333000 	
4.636160 	 57.350000 	
4.637010 	 57.368000 	
4.637940 	 57.385000 	
4.638810 	 57.403000 	
4.639660 	 57.420000 	
4.640520 	 57.437000 	
4.641370 	 57.455000 	
4.642300 	 57.472000 	
4.643150 	 57.490000 	
4.644000 	 57.507000 	
4.644850 	 57.524000 	
4.645710 	 57.542000 	
4.646560 	 57.559000 	
4.647410 	 57.577000 	
4.648260 	 57.594000 	
4.649120 	 57.611000 	
4.649970 	 57.629000 	
4.675010 	 57.646000 	
4.691890 	 57.663000 	
4.691950 	 57.681000 	
4.692010 	 57.698000 	
4.692070 	 57.715000 	
4.692130 	 57.733000 	
4.692190 	 57.750000 	
4.692250 	 57.767000 	
4.692310 	 57.785000 	
4.692370 	 57.802000 	
4.692430 	 57.819000 	
4.692490 	 57.837000 	
4.692560 	 57.854000 	
4.692620 	 57.871000 	
4.692680 	 57.888000 	
4.692740 	 57.906000 	
4.692800 	 57.923000 	
4.692860 	 57.940000 	
4.692920 	 57.957000 	
4.692980 	 57.975000 	
4.764170 	 57.992000 	
4.764230 	 58.009000 	
4.764290 	 58.026000 	
4.764350 	 58.044000 	
4.764410 	 58.061000 	
4.764470 	 58.078000 	
4.764530 	 58.095000 	
4.764590 	 58.113000 	
4.764650 	 58.130000 	
4.764710 	 58.147000 	
4.764770 	 58.164000 	
4.764830 	 58.181000 	
4.764900 	 58.199000 	
4.764960 	 58.216000 	
4.765020 	 58.233000 	
4.765080 	 58.250000 	
4.765140 	 58.267000 	
4.765200 	 58.284000 	
4.765640 	 58.302000 	
4.766560 	 58.319000 	
4.806160 	 58.336000 	
4.806220 	 58.353000 	
4.806770 	 58.370000 	
4.807630 	 58.387000 	
4.808480 	 58.404000 	
4.809570 	 58.422000 	
4.810440 	 58.439000 	
4.811380 	 58.456000 	
4.812260 	 58.473000 	
4.813130 	 58.490000 	
4.813980 	 58.507000 	
4.814910 	 58.524000 	
4.815780 	 58.541000 	
4.816630 	 58.558000 	
4.817490 	 58.575000 	
4.818360 	 58.592000 	
4.819210 	 58.610000 	
4.820090 	 58.627000 	
4.821010 	 58.644000 	
4.822000 	 58.661000 	
4.864620 	 58.678000 	
4.865470 	 58.695000 	
4.866320 	 58.712000 	
4.867260 	 58.729000 	
4.868130 	 58.746000 	
4.869010 	 58.763000 	
4.869930 	 58.780000 	
4.870780 	 58.797000 	
4.871660 	 58.814000 	
4.872580 	 58.831000 	
4.873460 	 58.848000 	
4.874330 	 58.865000 	
4.875250 	 58.882000 	
4.876110 	 58.899000 	
4.876980 	 58.916000 	
4.877850 	 58.933000 	
4.878710 	 58.950000 	
4.879630 	 58.967000 	
4.880480 	 58.984000 	
4.881340 	 59.001000 	
4.905980 	 59.018000 	
4.906850 	 59.035000 	
4.907720 	 59.052000 	
4.908600 	 59.068000 	
4.909470 	 59.085000 	
4.910340 	 59.102000 	
4.911200 	 59.119000 	
4.912070 	 59.136000 	
4.912920 	 59.153000 	
4.913800 	 59.170000 	
4.914650 	 59.187000 	
4.915500 	 59.204000 	
4.917080 	 59.221000 	
4.918010 	 59.238000 	
4.918100 	 59.254000 	
4.919940 	 59.271000 	
4.920030 	 59.288000 	
4.920960 	 59.305000 	
4.922840 	 59.322000 	
4.922900 	 59.339000 	
4.947240 	 59.356000 	
4.948220 	 59.372000 	
4.949880 	 59.389000 	
4.949960 	 59.406000 	
4.951770 	 59.423000 	
4.951900 	 59.440000 	
4.956690 	 59.457000 	
4.956750 	 59.473000 	
4.956810 	 59.490000 	
4.956870 	 59.507000 	
4.956930 	 59.524000 	
4.956990 	 59.541000 	
4.990260 	 59.557000 	
4.990320 	 59.574000 	
4.990380 	 59.591000 	
4.990440 	 59.608000 	
4.990500 	 59.625000 	
4.990560 	 59.641000 	
4.990630 	 59.658000 	
4.990690 	 59.675000 	
4.990750 	 59.692000 	
5.013810 	 59.708000 	
5.020710 	 59.725000 	
5.020770 	 59.742000 	
5.020830 	 59.759000 	
5.020890 	 59.775000 	
5.020950 	 59.792000 	
5.021010 	 59.809000 	
5.021070 	 59.826000 	
5.021130 	 59.842000 	
5.021610 	 59.859000 	
5.022460 	 59.876000 	
5.035180 	 59.892000 	
5.035380 	 59.909000 	
5.035440 	 59.926000 	
5.035500 	 59.942000 	
5.035660 	 59.959000 	
5.038460 	 59.976000 	
5.062340 	 59.992000 	
5.062400 	 60.009000 	
5.062460 	 60.026000 	
5.062520 	 60.042000 	
5.062580 	 60.059000 	
5.063100 	 60.076000 	
5.063950 	 60.092000 	
5.064890 	 60.109000 	
5.065930 	 60.126000 	
5.066850 	 60.142000 	
5.067850 	 60.159000 	
5.068700 	 60.176000 	
5.069570 	 60.192000 	
5.070420 	 60.209000 	
5.077210 	 60.225000 	
5.150030 	 60.242000 	
5.150090 	 60.259000 	
5.150150 	 60.275000 	
5.150210 	 60.292000 	
5.150270 	 60.308000 	
5.150340 	 60.325000 	
5.150400 	 60.342000 	
5.150460 	 60.358000 	
5.150520 	 60.375000 	
5.150580 	 60.391000 	
5.150640 	 60.408000 	
5.150700 	 60.424000 	
5.150760 	 60.441000 	
5.150820 	 60.457000 	
5.150880 	 60.474000 	
5.150940 	 60.491000 	
5.151000 	 60.507000 	
5.151060 	 60.524000 	
5.151130 	 60.540000 	
5.151190 	 60.557000 	
5.191240 	 60.573000 	
5.192090 	 60.590000 	
5.193600 	 60.606000 	
5.193800 	 60.623000 	
5.194650 	 60.639000 	
5.195500 	 60.656000 	
5.196360 	 60.672000 	
5.201350 	 60.689000 	
5.201430 	 60.705000 	
5.201490 	 60.722000 	
5.201630 	 60.738000 	
5.201710 	 60.755000 	
5.219620 	 60.771000 	
5.219680 	 60.787000 	
5.219820 	 60.804000 	
5.220960 	 60.820000 	
5.223950 	 60.837000 	
5.224080 	 60.853000 	
5.224140 	 60.870000 	
5.224640 	 60.886000 	
5.232380 	 60.902000 	
5.233000 	 60.919000 	
5.266100 	 60.935000 	
5.266230 	 60.952000 	
5.269790 	 60.968000 	
5.269870 	 60.985000 	
5.269930 	 61.001000 	
5.270340 	 61.017000 	
5.271210 	 61.034000 	
5.272230 	 61.050000 	
5.273160 	 61.066000 	
5.274280 	 61.083000 	
5.357690 	 61.099000 	
5.357750 	 61.116000 	
5.357810 	 61.132000 	
5.357870 	 61.148000 	
5.358170 	 61.165000 	
5.358230 	 61.181000 	
5.358290 	 61.197000 	
5.358350 	 61.214000 	
5.358410 	 61.230000 	
5.358470 	 61.246000 	
5.358530 	 61.263000 	
5.358590 	 61.279000 	
5.358650 	 61.295000 	
5.358720 	 61.312000 	
5.359560 	 61.328000 	
5.359620 	 61.344000 	
5.359700 	 61.361000 	
5.359760 	 61.377000 	
5.359820 	 61.393000 	
5.359880 	 61.409000 	
5.398820 	 61.426000 	
5.399710 	 61.442000 	
5.400580 	 61.458000 	
5.401460 	 61.475000 	
5.402900 	 61.491000 	
5.403860 	 61.507000 	
5.407480 	 61.523000 	
5.407680 	 61.540000 	
5.407740 	 61.556000 	
5.407800 	 61.572000 	
5.407860 	 61.588000 	
5.408860 	 61.605000 	
5.409790 	 61.621000 	
5.410720 	 61.637000 	
5.441790 	 61.653000 	
5.441850 	 61.669000 	
5.441910 	 61.686000 	
5.441970 	 61.702000 	
5.442030 	 61.718000 	
5.442100 	 61.734000 	
5.442160 	 61.751000 	
5.442480 	 61.767000 	
5.443340 	 61.783000 	
5.444430 	 61.799000 	
5.445370 	 61.815000 	
5.446290 	 61.831000 	
5.448930 	 61.848000 	
5.450810 	 61.864000 	
5.450870 	 61.880000 	
5.451850 	 61.896000 	
5.487140 	 61.912000 	
5.487200 	 61.928000 	
5.487260 	 61.945000 	
5.487320 	 61.961000 	
5.487380 	 61.977000 	
5.487440 	 61.993000 	
5.487500 	 62.009000 	
5.487560 	 62.025000 	
5.487990 	 62.041000 	
5.489790 	 62.057000 	
5.490720 	 62.074000 	
5.492520 	 62.090000 	
5.493450 	 62.106000 	
5.493510 	 62.122000 	
5.494290 	 62.138000 	
5.496080 	 62.154000 	
5.496330 	 62.170000 	
5.497260 	 62.186000 	
5.498140 	 62.202000 	
5.499060 	 62.218000 	
5.528170 	 62.235000 	
5.529610 	 62.251000 	
5.534740 	 62.267000 	
5.534800 	 62.283000 	
5.534860 	 62.299000 	
5.534920 	 62.315000 	
5.534980 	 62.331000 	
5.535040 	 62.347000 	
5.535450 	 62.363000 	
5.536320 	 62.379000 	
5.537200 	 62.395000 	
5.538050 	 62.411000 	
5.538900 	 62.427000 	
5.539760 	 62.443000 	
5.540610 	 62.459000 	
5.541530 	 62.475000 	
5.542390 	 62.491000 	
5.543240 	 62.507000 	
5.544090 	 62.523000 	
5.544940 	 62.539000 	
5.569570 	 62.555000 	
5.571340 	 62.571000 	
5.577190 	 62.587000 	
5.577260 	 62.603000 	
5.579070 	 62.619000 	
5.579130 	 62.635000 	
5.590480 	 62.651000 	
5.590540 	 62.667000 	
5.590600 	 62.683000 	
5.590660 	 62.699000 	
5.590720 	 62.715000 	
5.590780 	 62.731000 	
5.590840 	 62.747000 	
5.590910 	 62.763000 	
5.590970 	 62.779000 	
5.591030 	 62.794000 	
5.591090 	 62.810000 	
5.591150 	 62.826000 	
5.591210 	 62.842000 	
5.591330 	 62.858000 	
5.610470 	 62.874000 	
5.612280 	 62.890000 	
5.619530 	 62.906000 	
5.619670 	 62.922000 	
5.621510 	 62.938000 	
5.621680 	 62.954000 	
5.631590 	 62.969000 	
5.633620 	 62.985000 	
5.633680 	 63.001000 	
5.634640 	 63.017000 	
5.653250 	 63.033000 	
5.653310 	 63.049000 	
5.653370 	 63.065000 	
5.653430 	 63.080000 	
5.653490 	 63.096000 	
5.653550 	 63.112000 	
5.653610 	 63.128000 	
5.653690 	 63.144000 	
5.653780 	 63.160000 	
5.653860 	 63.176000 	
5.653920 	 63.191000 	
5.653980 	 63.207000 	
5.660970 	 63.223000 	
5.661900 	 63.239000 	
5.662820 	 63.255000 	
5.663750 	 63.270000 	
5.672490 	 63.286000 	
5.675050 	 63.302000 	
5.712650 	 63.318000 	
5.712870 	 63.334000 	
5.712930 	 63.349000 	
5.712990 	 63.365000 	
5.713050 	 63.381000 	
5.713120 	 63.397000 	
5.713260 	 63.413000 	
5.713320 	 63.428000 	
5.713380 	 63.444000 	
5.713440 	 63.460000 	
5.713500 	 63.476000 	
5.713560 	 63.491000 	
5.713620 	 63.507000 	
5.713680 	 63.523000 	
5.713740 	 63.539000 	
5.713800 	 63.554000 	
5.713870 	 63.570000 	
5.713930 	 63.586000 	
5.713990 	 63.602000 	
5.716270 	 63.617000 	
5.753780 	 63.633000 	
5.756010 	 63.649000 	
5.760130 	 63.664000 	
5.781070 	 63.680000 	
5.781130 	 63.696000 	
5.781190 	 63.712000 	
5.781250 	 63.727000 	
5.781310 	 63.743000 	
5.781450 	 63.759000 	
5.781510 	 63.774000 	
5.781570 	 63.790000 	
5.782040 	 63.806000 	
5.782970 	 63.821000 	
5.783820 	 63.837000 	
5.784670 	 63.853000 	
5.785520 	 63.868000 	
5.786450 	 63.884000 	
5.787300 	 63.900000 	
5.788160 	 63.915000 	
5.789010 	 63.931000 	
5.796260 	 63.947000 	
5.797170 	 63.962000 	
5.801030 	 63.978000 	
5.821970 	 63.993000 	
5.822830 	 64.009000 	
5.824230 	 64.025000 	
5.825020 	 64.040000 	
5.825890 	 64.056000 	
5.826820 	 64.072000 	
5.827690 	 64.087000 	
5.828540 	 64.103000 	
5.829390 	 64.118000 	
5.830250 	 64.134000 	
5.831100 	 64.150000 	
5.832490 	 64.165000 	
5.833590 	 64.181000 	
5.834680 	 64.196000 	
5.834770 	 64.212000 	
5.870290 	 64.227000 	
5.870350 	 64.243000 	
5.870410 	 64.259000 	
5.870470 	 64.274000 	
5.870530 	 64.290000 	
5.874510 	 64.305000 	
5.875360 	 64.321000 	
5.876240 	 64.336000 	
5.878040 	 64.352000 	
5.878990 	 64.367000 	
5.880990 	 64.383000 	
5.881050 	 64.399000 	
5.881180 	 64.414000 	
5.882060 	 64.430000 	
5.882980 	 64.445000 	
5.883860 	 64.461000 	
5.884710 	 64.476000 	
5.885630 	 64.492000 	
5.886560 	 64.507000 	
5.887410 	 64.523000 	
5.917760 	 64.538000 	
5.917820 	 64.554000 	
5.917890 	 64.569000 	
5.917950 	 64.585000 	
5.918010 	 64.600000 	
5.918070 	 64.616000 	
5.918240 	 64.631000 	
5.919100 	 64.647000 	
5.920020 	 64.662000 	
5.920900 	 64.677000 	
5.921890 	 64.693000 	
5.922760 	 64.708000 	
5.923620 	 64.724000 	
5.924490 	 64.739000 	
5.925360 	 64.755000 	
5.926220 	 64.770000 	
5.927070 	 64.786000 	
5.927920 	 64.801000 	
5.928780 	 64.816000 	
5.929630 	 64.832000 	
5.959530 	 64.847000 	
5.959610 	 64.863000 	
5.960760 	 64.878000 	
5.973110 	 64.894000 	
5.973170 	 64.909000 	
5.973310 	 64.924000 	
5.973370 	 64.940000 	
5.973430 	 64.955000 	
5.973490 	 64.971000 	
5.973550 	 64.986000 	
5.973610 	 65.001000 	
5.973680 	 65.017000 	
5.973740 	 65.032000 	
5.973800 	 65.048000 	
5.973860 	 65.063000 	
5.973920 	 65.078000 	
5.973980 	 65.094000 	
5.974980 	 65.109000 	
5.975850 	 65.124000 	
5.976770 	 65.140000 	
6.002010 	 65.155000 	
6.002140 	 65.170000 	
6.002200 	 65.186000 	
6.014010 	 65.201000 	
6.014950 	 65.216000 	
6.015830 	 65.232000 	
6.016710 	 65.247000 	
6.017630 	 65.262000 	
6.018810 	 65.278000 	
6.019900 	 65.293000 	
6.021100 	 65.308000 	
6.021180 	 65.324000 	
6.074780 	 65.339000 	
6.074840 	 65.354000 	
6.074900 	 65.370000 	
6.074960 	 65.385000 	
6.075020 	 65.400000 	
6.075080 	 65.415000 	
6.075150 	 65.431000 	
6.075210 	 65.446000 	
6.075270 	 65.461000 	
6.075330 	 65.477000 	
6.075390 	 65.492000 	
6.075450 	 65.507000 	
6.075510 	 65.522000 	
6.075570 	 65.538000 	
6.075630 	 65.553000 	
6.075690 	 65.568000 	
6.075750 	 65.583000 	
6.075810 	 65.599000 	
6.075880 	 65.614000 	
6.075940 	 65.629000 	
6.116050 	 65.644000 	
6.116540 	 65.660000 	
6.117390 	 65.675000 	
6.118280 	 65.690000 	
6.121120 	 65.705000 	
6.121180 	 65.721000 	
6.121240 	 65.736000 	
6.122080 	 65.751000 	
6.122950 	 65.766000 	
6.127470 	 65.781000 	
6.128330 	 65.797000 	
6.129200 	 65.812000 	
6.130050 	 65.827000 	
6.130910 	 65.842000 	
6.131760 	 65.857000 	
6.132610 	 65.873000 	
6.133460 	 65.888000 	
6.134320 	 65.903000 	
6.135170 	 65.918000 	
6.136040 	 65.933000 	
6.158140 	 65.948000 	
6.158200 	 65.964000 	
6.158660 	 65.979000 	
6.159510 	 65.994000 	
6.162150 	 66.009000 	
6.184820 	 66.024000 	
6.184900 	 66.039000 	
6.185030 	 66.054000 	
6.185090 	 66.070000 	
6.185180 	 66.085000 	
6.185240 	 66.100000 	
6.185300 	 66.115000 	
6.185360 	 66.130000 	
6.185420 	 66.145000 	
6.185500 	 66.160000 	
6.185560 	 66.176000 	
6.185620 	 66.191000 	
6.185700 	 66.206000 	
6.185760 	 66.221000 	
6.185830 	 66.236000 	
6.199040 	 66.251000 	
6.199900 	 66.266000 	
6.200750 	 66.281000 	
6.201680 	 66.296000 	
6.203490 	 66.311000 	
6.229880 	 66.326000 	
6.229960 	 66.342000 	
6.230020 	 66.357000 	
6.230090 	 66.372000 	
6.230280 	 66.387000 	
6.231330 	 66.402000 	
6.243300 	 66.417000 	
6.243360 	 66.432000 	
6.243420 	 66.447000 	
6.243480 	 66.462000 	
6.243540 	 66.477000 	
6.243610 	 66.492000 	
6.243670 	 66.507000 	
6.243730 	 66.522000 	
6.243790 	 66.537000 	
6.243850 	 66.552000 	
6.243910 	 66.567000 	
6.243970 	 66.582000 	
6.244030 	 66.597000 	
6.244610 	 66.612000 	
6.273420 	 66.627000 	
6.273480 	 66.642000 	
6.273540 	 66.657000 	
6.273600 	 66.672000 	
6.278120 	 66.687000 	
6.278260 	 66.702000 	
6.284820 	 66.717000 	
6.348260 	 66.732000 	
6.348320 	 66.747000 	
6.348380 	 66.762000 	
6.348440 	 66.777000 	
6.348500 	 66.792000 	
6.348560 	 66.807000 	
6.348620 	 66.822000 	
6.348760 	 66.837000 	
6.348820 	 66.852000 	
6.348890 	 66.867000 	
6.348950 	 66.882000 	
6.349010 	 66.897000 	
6.349070 	 66.912000 	
6.349130 	 66.927000 	
6.349190 	 66.942000 	
6.349250 	 66.957000 	
6.349310 	 66.972000 	
6.349370 	 66.987000 	
6.349430 	 67.002000 	
6.349490 	 67.016000 	
6.389510 	 67.031000 	
6.390380 	 67.046000 	
6.392170 	 67.061000 	
6.392360 	 67.076000 	
6.397130 	 67.091000 	
6.397190 	 67.106000 	
6.397250 	 67.121000 	
6.397310 	 67.136000 	
6.397370 	 67.151000 	
6.397590 	 67.166000 	
6.398510 	 67.180000 	
6.399440 	 67.195000 	
6.400290 	 67.210000 	
6.401210 	 67.225000 	
6.402070 	 67.240000 	
6.402990 	 67.255000 	
6.403840 	 67.270000 	
6.404700 	 67.285000 	
6.405550 	 67.299000 	
6.406400 	 67.314000 	
6.463000 	 67.329000 	
6.463060 	 67.344000 	
6.463120 	 67.359000 	
6.463180 	 67.374000 	
6.463240 	 67.389000 	
6.463300 	 67.403000 	
6.463360 	 67.418000 	
6.463420 	 67.433000 	
6.463480 	 67.448000 	
6.463540 	 67.463000 	
6.463610 	 67.478000 	
6.463670 	 67.492000 	
6.463730 	 67.507000 	
6.463790 	 67.522000 	
6.463850 	 67.537000 	
6.463910 	 67.552000 	
6.463970 	 67.566000 	
6.464030 	 67.581000 	
6.464090 	 67.596000 	
6.464150 	 67.611000 	
6.522700 	 67.626000 	
6.523640 	 67.640000 	
6.524510 	 67.655000 	
6.525440 	 67.670000 	
6.526360 	 67.685000 	
6.527230 	 67.699000 	
6.528160 	 67.714000 	
6.529010 	 67.729000 	
6.529860 	 67.744000 	
6.530720 	 67.759000 	
6.531590 	 67.773000 	
6.532440 	 67.788000 	
6.533300 	 67.803000 	
6.534190 	 67.818000 	
6.535090 	 67.832000 	
6.535850 	 67.847000 	
6.536710 	 67.862000 	
6.537560 	 67.877000 	
6.538410 	 67.891000 	
6.539270 	 67.906000 	
6.565030 	 67.921000 	
6.565110 	 67.935000 	
6.589110 	 67.950000 	
6.589170 	 67.965000 	
6.589240 	 67.980000 	
6.589300 	 67.994000 	
6.589360 	 68.009000 	
6.589420 	 68.024000 	
6.589480 	 68.038000 	
6.589540 	 68.053000 	
6.589600 	 68.068000 	
6.589680 	 68.082000 	
6.589810 	 68.097000 	
6.589880 	 68.112000 	
6.590020 	 68.127000 	
6.590080 	 68.141000 	
6.590140 	 68.156000 	
6.590200 	 68.171000 	
6.590260 	 68.185000 	
6.590320 	 68.200000 	
6.605930 	 68.215000 	
6.606780 	 68.229000 	
6.643260 	 68.244000 	
6.643320 	 68.259000 	
6.643600 	 68.273000 	
6.644470 	 68.288000 	
6.645340 	 68.302000 	
6.646270 	 68.317000 	
6.647140 	 68.332000 	
6.648070 	 68.346000 	
6.648920 	 68.361000 	
6.649790 	 68.376000 	
6.652720 	 68.390000 	
6.652780 	 68.405000 	
6.652840 	 68.420000 	
6.653370 	 68.434000 	
6.654250 	 68.449000 	
6.655170 	 68.463000 	
6.656020 	 68.478000 	
6.656950 	 68.493000 	
6.657870 	 68.507000 	
6.658730 	 68.522000 	
6.694170 	 68.536000 	
6.694230 	 68.551000 	
6.694300 	 68.566000 	
6.694360 	 68.580000 	
6.694440 	 68.595000 	
6.694520 	 68.609000 	
6.694580 	 68.624000 	
6.694660 	 68.638000 	
6.694740 	 68.653000 	
6.694800 	 68.668000 	
6.751660 	 68.682000 	
6.751720 	 68.697000 	
6.751780 	 68.711000 	
6.751840 	 68.726000 	
6.751900 	 68.740000 	
6.751970 	 68.755000 	
6.752030 	 68.769000 	
6.752090 	 68.784000 	
6.752150 	 68.799000 	
6.752210 	 68.813000 	
6.752270 	 68.828000 	
6.752330 	 68.842000 	
6.752390 	 68.857000 	
6.752450 	 68.871000 	
6.752510 	 68.886000 	
6.752570 	 68.900000 	
6.752630 	 68.915000 	
6.752700 	 68.929000 	
6.752760 	 68.944000 	
6.752820 	 68.958000 	
6.792560 	 68.973000 	
6.793420 	 68.987000 	
6.818310 	 69.002000 	
6.820230 	 69.016000 	
6.820310 	 69.031000 	
6.821230 	 69.045000 	
6.824010 	 69.060000 	
6.824090 	 69.074000 	
6.825040 	 69.089000 	
6.825310 	 69.103000 	
6.826180 	 69.118000 	
6.827110 	 69.132000 	
6.827980 	 69.147000 	
6.828840 	 69.161000 	
6.829690 	 69.175000 	
6.830540 	 69.190000 	
6.831420 	 69.204000 	
6.832270 	 69.219000 	
6.833120 	 69.233000 	
6.833970 	 69.248000 	
6.834850 	 69.262000 	
6.835720 	 69.277000 	
6.859210 	 69.291000 	
6.861870 	 69.305000 	
6.880120 	 69.320000 	
6.880180 	 69.334000 	
6.880240 	 69.349000 	
6.880300 	 69.363000 	
6.880360 	 69.378000 	
6.880980 	 69.392000 	
6.882820 	 69.406000 	
6.883910 	 69.421000 	
6.888380 	 69.435000 	
6.889250 	 69.450000 	
6.890180 	 69.464000 	
6.891030 	 69.478000 	
6.891880 	 69.493000 	
6.892740 	 69.507000 	
6.893590 	 69.522000 	
6.894440 	 69.536000 	
6.895290 	 69.550000 	
6.896150 	 69.565000 	
6.900110 	 69.579000 	
6.903670 	 69.593000 	
6.921130 	 69.608000 	
6.921880 	 69.622000 	
6.922730 	 69.637000 	
6.923580 	 69.651000 	
6.947330 	 69.665000 	
6.948210 	 69.680000 	
6.949830 	 69.694000 	
6.949960 	 69.708000 	
6.950830 	 69.723000 	
6.951710 	 69.737000 	
6.952560 	 69.751000 	
6.953410 	 69.766000 	
6.954340 	 69.780000 	
6.955190 	 69.794000 	
6.956040 	 69.809000 	
6.956900 	 69.823000 	
6.957770 	 69.837000 	
6.958620 	 69.852000 	
6.959480 	 69.866000 	
6.960330 	 69.880000 	
6.962030 	 69.895000 	
6.962880 	 69.909000 	
6.963730 	 69.923000 	
6.964610 	 69.937000 	
6.988230 	 69.952000 	
6.989120 	 69.966000 	
7.017410 	 69.980000 	
7.017470 	 69.995000 	
7.017530 	 70.009000 	
7.017590 	 70.023000 	
7.017650 	 70.038000 	
7.017710 	 70.052000 	
7.017780 	 70.066000 	
7.017840 	 70.080000 	
7.017900 	 70.095000 	
7.017960 	 70.109000 	
7.018020 	 70.123000 	
7.018080 	 70.137000 	
7.018140 	 70.152000 	
7.018280 	 70.166000 	
7.018340 	 70.180000 	
7.018400 	 70.194000 	
7.018460 	 70.209000 	
7.018530 	 70.223000 	
7.029130 	 70.237000 	
7.030020 	 70.251000 	
7.059090 	 70.266000 	
7.059980 	 70.280000 	
7.086470 	 70.294000 	
7.086530 	 70.308000 	
7.086590 	 70.323000 	
7.086650 	 70.337000 	
7.086710 	 70.351000 	
7.086770 	 70.365000 	
7.086830 	 70.379000 	
7.086890 	 70.394000 	
7.086950 	 70.408000 	
7.087650 	 70.422000 	
7.088570 	 70.436000 	
7.089500 	 70.450000 	
7.090420 	 70.465000 	
7.091280 	 70.479000 	
7.092130 	 70.493000 	
7.092980 	 70.507000 	
7.093830 	 70.521000 	
7.094710 	 70.536000 	
7.100830 	 70.550000 	
7.101710 	 70.564000 	
7.149770 	 70.578000 	
7.150520 	 70.592000 	
7.151400 	 70.606000 	
7.152330 	 70.621000 	
7.153370 	 70.635000 	
7.154290 	 70.649000 	
7.155150 	 70.663000 	
7.156000 	 70.677000 	
7.156850 	 70.691000 	
7.157700 	 70.705000 	
7.158560 	 70.720000 	
7.159430 	 70.734000 	
7.160280 	 70.748000 	
7.161140 	 70.762000 	
7.161990 	 70.776000 	
7.162840 	 70.790000 	
7.163770 	 70.804000 	
7.164620 	 70.819000 	
7.165470 	 70.833000 	
7.166330 	 70.847000 	
7.190670 	 70.861000 	
7.191590 	 70.875000 	
7.192450 	 70.889000 	
7.193300 	 70.903000 	
7.194270 	 70.917000 	
7.195200 	 70.931000 	
7.196050 	 70.946000 	
7.196900 	 70.960000 	
7.197750 	 70.974000 	
7.198610 	 70.988000 	
7.199460 	 71.002000 	
7.200330 	 71.016000 	
7.201190 	 71.030000 	
7.202040 	 71.044000 	
7.202890 	 71.058000 	
7.203740 	 71.072000 	
7.204670 	 71.086000 	
7.207120 	 71.100000 	
7.207190 	 71.114000 	
7.207250 	 71.129000 	
7.253610 	 71.143000 	
7.253690 	 71.157000 	
7.253770 	 71.171000 	
7.253830 	 71.185000 	
7.253910 	 71.199000 	
7.253970 	 71.213000 	
7.254030 	 71.227000 	
7.254090 	 71.241000 	
7.254150 	 71.255000 	
7.254240 	 71.269000 	
7.254300 	 71.283000 	
7.254360 	 71.297000 	
7.254420 	 71.311000 	
7.254480 	 71.325000 	
7.254540 	 71.339000 	
7.254620 	 71.353000 	
7.254680 	 71.367000 	
7.264520 	 71.381000 	
7.265450 	 71.395000 	
7.266300 	 71.409000 	
7.294840 	 71.423000 	
7.302050 	 71.437000 	
7.302110 	 71.451000 	
7.307500 	 71.465000 	
7.308660 	 71.479000 	
7.309580 	 71.493000 	
7.310640 	 71.507000 	
7.311570 	 71.521000 	
7.312180 	 71.535000 	
7.313040 	 71.549000 	
7.313960 	 71.563000 	
7.314820 	 71.577000 	
7.315750 	 71.591000 	
7.316740 	 71.605000 	
7.317610 	 71.619000 	
7.318540 	 71.633000 	
7.319460 	 71.647000 	
7.320310 	 71.661000 	
7.321190 	 71.675000 	
7.322040 	 71.689000 	
7.336890 	 71.703000 	
7.343930 	 71.717000 	
7.343990 	 71.731000 	
7.348730 	 71.745000 	
7.362460 	 71.758000 	
7.362520 	 71.772000 	
7.362580 	 71.786000 	
7.362640 	 71.800000 	
7.362700 	 71.814000 	
7.362760 	 71.828000 	
7.362820 	 71.842000 	
7.362890 	 71.856000 	
7.362950 	 71.870000 	
7.363010 	 71.884000 	
7.363070 	 71.898000 	
7.363130 	 71.912000 	
7.363190 	 71.926000 	
7.363250 	 71.939000 	
7.363310 	 71.953000 	
7.363920 	 71.967000 	
7.378710 	 71.981000 	
7.385230 	 71.995000 	
7.397730 	 72.009000 	
7.397790 	 72.023000 	
7.404080 	 72.037000 	
7.416390 	 72.051000 	
7.416450 	 72.064000 	
7.416510 	 72.078000 	
7.416570 	 72.092000 	
7.416640 	 72.106000 	
7.416700 	 72.120000 	
7.416760 	 72.134000 	
7.416820 	 72.148000 	
7.416880 	 72.162000 	
7.416940 	 72.175000 	
7.417000 	 72.189000 	
7.417060 	 72.203000 	
7.417120 	 72.217000 	
7.417180 	 72.231000 	
7.417720 	 72.245000 	
7.450830 	 72.258000 	
7.450920 	 72.272000 	
7.450980 	 72.286000 	
7.451060 	 72.300000 	
7.451120 	 72.314000 	
7.461320 	 72.328000 	
7.461380 	 72.341000 	
7.461450 	 72.355000 	
7.461510 	 72.369000 	
7.464540 	 72.383000 	
7.465420 	 72.397000 	
7.469760 	 72.411000 	
7.492300 	 72.424000 	
7.492360 	 72.438000 	
7.492430 	 72.452000 	
7.492590 	 72.466000 	
7.494410 	 72.480000 	
7.497080 	 72.493000 	
7.497140 	 72.507000 	
7.497200 	 72.521000 	
7.497260 	 72.535000 	
7.498110 	 72.549000 	
7.498980 	 72.562000 	
7.499840 	 72.576000 	
7.500690 	 72.590000 	
7.507200 	 72.604000 	
7.508260 	 72.617000 	
7.509360 	 72.631000 	
7.510340 	 72.645000 	
7.511270 	 72.659000 	
7.511370 	 72.672000 	
7.512290 	 72.686000 	
7.533890 	 72.700000 	
7.534060 	 72.714000 	
7.534910 	 72.728000 	
7.535760 	 72.741000 	
7.536620 	 72.755000 	
7.537980 	 72.769000 	
7.538830 	 72.783000 	
7.539690 	 72.796000 	
7.540540 	 72.810000 	
7.541390 	 72.824000 	
7.542240 	 72.837000 	
7.543100 	 72.851000 	
7.543950 	 72.865000 	
7.617890 	 72.879000 	
7.617950 	 72.892000 	
7.618010 	 72.906000 	
7.618070 	 72.920000 	
7.618140 	 72.933000 	
7.618200 	 72.947000 	
7.618260 	 72.961000 	
7.618320 	 72.975000 	
7.618380 	 72.988000 	
7.618440 	 73.002000 	
7.618500 	 73.016000 	
7.618560 	 73.029000 	
7.618710 	 73.043000 	
7.618790 	 73.057000 	
7.618850 	 73.070000 	
7.618910 	 73.084000 	
7.618970 	 73.098000 	
7.619030 	 73.112000 	
7.619160 	 73.125000 	
7.619220 	 73.139000 	
7.658790 	 73.153000 	
7.659650 	 73.166000 	
7.660500 	 73.180000 	
7.661350 	 73.194000 	
7.663220 	 73.207000 	
7.665030 	 73.221000 	
7.665280 	 73.235000 	
7.665350 	 73.248000 	
7.667120 	 73.262000 	
7.667180 	 73.276000 	
7.668040 	 73.289000 	
7.668980 	 73.303000 	
7.669900 	 73.316000 	
7.670780 	 73.330000 	
7.671630 	 73.344000 	
7.672500 	 73.357000 	
7.673360 	 73.371000 	
7.674280 	 73.385000 	
7.675150 	 73.398000 	
7.676010 	 73.412000 	
7.700490 	 73.425000 	
7.701590 	 73.439000 	
7.701650 	 73.453000 	
7.703460 	 73.466000 	
7.706540 	 73.480000 	
7.706720 	 73.494000 	
7.718620 	 73.507000 	
7.719480 	 73.521000 	
7.721540 	 73.534000 	
7.723350 	 73.548000 	
7.724410 	 73.562000 	
7.728300 	 73.575000 	
7.728490 	 73.589000 	
7.729350 	 73.602000 	
7.730200 	 73.616000 	
7.731050 	 73.630000 	
7.731900 	 73.643000 	
7.732830 	 73.657000 	
7.733680 	 73.670000 	
7.734540 	 73.684000 	
7.741390 	 73.697000 	
7.742490 	 73.711000 	
7.743340 	 73.725000 	
7.744360 	 73.738000 	
7.747440 	 73.752000 	
7.748290 	 73.765000 	
7.759530 	 73.779000 	
7.760380 	 73.792000 	
7.767100 	 73.806000 	
7.767160 	 73.819000 	
7.767220 	 73.833000 	
7.769200 	 73.847000 	
7.770060 	 73.860000 	
7.770910 	 73.874000 	
7.771760 	 73.887000 	
7.772620 	 73.901000 	
7.773470 	 73.914000 	
7.774320 	 73.928000 	
7.775170 	 73.941000 	
7.776030 	 73.955000 	
7.782300 	 73.968000 	
7.784080 	 73.982000 	
7.785000 	 73.995000 	
7.785260 	 74.009000 	
7.790030 	 74.022000 	
7.790090 	 74.036000 	
7.800550 	 74.049000 	
7.803390 	 74.063000 	
7.808540 	 74.076000 	
7.809470 	 74.090000 	
7.810460 	 74.103000 	
7.811480 	 74.117000 	
7.812470 	 74.130000 	
7.812800 	 74.144000 	
7.813700 	 74.157000 	
7.814550 	 74.171000 	
7.815410 	 74.184000 	
7.823360 	 74.198000 	
7.826100 	 74.211000 	
7.826160 	 74.225000 	
7.826220 	 74.238000 	
7.826280 	 74.252000 	
7.826720 	 74.265000 	
7.827640 	 74.279000 	
7.831390 	 74.292000 	
7.832400 	 74.306000 	
7.842160 	 74.319000 	
7.844500 	 74.332000 	
7.850480 	 74.346000 	
7.850540 	 74.359000 	
7.851500 	 74.373000 	
7.852420 	 74.386000 	
7.853380 	 74.400000 	
7.854230 	 74.413000 	
7.855080 	 74.427000 	
7.855930 	 74.440000 	
7.856790 	 74.453000 	
7.865920 	 74.467000 	
7.868140 	 74.480000 	
7.868200 	 74.494000 	
7.869240 	 74.507000 	
7.871230 	 74.521000 	
7.871320 	 74.534000 	
7.872360 	 74.547000 	
7.872420 	 74.561000 	
7.894210 	 74.574000 	
7.894270 	 74.588000 	
7.894330 	 74.601000 	
7.923820 	 74.614000 	
7.924330 	 74.628000 	
7.925210 	 74.641000 	
7.929830 	 74.655000 	
7.930700 	 74.668000 	
7.931690 	 74.681000 	
7.932570 	 74.695000 	
7.933440 	 74.708000 	
7.934310 	 74.722000 	
7.935170 	 74.735000 	
7.936020 	 74.748000 	
7.936870 	 74.762000 	
7.937750 	 74.775000 	
7.938600 	 74.788000 	
7.939800 	 74.802000 	
7.981500 	 74.815000 	
7.981560 	 74.829000 	
7.981620 	 74.842000 	
7.981680 	 74.855000 	
7.981740 	 74.869000 	
7.981800 	 74.882000 	
7.981860 	 74.895000 	
7.981930 	 74.909000 	
7.981990 	 74.922000 	
7.982050 	 74.935000 	
7.982440 	 74.949000 	
7.983360 	 74.962000 	
7.984240 	 74.975000 	
7.985110 	 74.989000 	
7.985960 	 75.002000 	
7.986890 	 75.015000 	
7.987740 	 75.029000 	
7.988660 	 75.042000 	
7.989520 	 75.055000 	
7.990370 	 75.069000 	
8.025740 	 75.082000 	
8.025830 	 75.095000 	
8.033600 	 75.109000 	
8.034490 	 75.122000 	
8.035300 	 75.135000 	
8.036160 	 75.149000 	
8.037010 	 75.162000 	
8.037860 	 75.175000 	
8.038710 	 75.189000 	
8.039590 	 75.202000 	
8.040440 	 75.215000 	
8.041290 	 75.228000 	
8.042150 	 75.242000 	
8.043000 	 75.255000 	
8.043850 	 75.268000 	
8.044720 	 75.282000 	
8.045600 	 75.295000 	
8.047510 	 75.308000 	
8.047830 	 75.321000 	
8.048680 	 75.335000 	
8.067100 	 75.348000 	
8.074410 	 75.361000 	
8.074500 	 75.375000 	
8.097030 	 75.388000 	
8.097440 	 75.401000 	
8.098370 	 75.414000 	
8.099210 	 75.428000 	
8.100080 	 75.441000 	
8.100940 	 75.454000 	
8.101810 	 75.467000 	
8.102660 	 75.481000 	
8.103520 	 75.494000 	
8.104370 	 75.507000 	
8.105290 	 75.520000 	
8.106150 	 75.534000 	
8.107000 	 75.547000 	
8.107850 	 75.560000 	
8.108710 	 75.573000 	
8.109560 	 75.587000 	
8.110430 	 75.600000 	
8.111280 	 75.613000 	
8.115310 	 75.626000 	
8.116160 	 75.639000 	
8.139420 	 75.653000 	
8.140350 	 75.666000 	
8.152700 	 75.679000 	
8.152760 	 75.692000 	
8.152820 	 75.706000 	
8.152880 	 75.719000 	
8.152940 	 75.732000 	
8.153000 	 75.745000 	
8.153060 	 75.758000 	
8.153130 	 75.772000 	
8.153190 	 75.785000 	
8.153250 	 75.798000 	
8.153310 	 75.811000 	
8.153370 	 75.824000 	
8.153430 	 75.838000 	
8.153490 	 75.851000 	
8.153550 	 75.864000 	
8.153660 	 75.877000 	
8.156320 	 75.890000 	
8.157240 	 75.903000 	
8.181560 	 75.917000 	
8.182500 	 75.930000 	
8.194220 	 75.943000 	
8.228840 	 75.956000 	
8.228900 	 75.969000 	
8.228960 	 75.982000 	
8.229020 	 75.996000 	
8.229080 	 76.009000 	
8.229140 	 76.022000 	
8.229200 	 76.035000 	
8.229260 	 76.048000 	
8.229460 	 76.061000 	
8.229540 	 76.075000 	
8.229600 	 76.088000 	
8.229660 	 76.101000 	
8.229720 	 76.114000 	
8.229860 	 76.127000 	
8.229920 	 76.140000 	
8.229980 	 76.153000 	
8.230040 	 76.167000 	
8.230100 	 76.180000 	
8.230160 	 76.193000 	
8.235120 	 76.206000 	
8.270200 	 76.219000 	
8.271050 	 76.232000 	
8.271940 	 76.245000 	
8.273680 	 76.258000 	
8.275570 	 76.271000 	
8.275700 	 76.285000 	
8.276630 	 76.298000 	
8.277570 	 76.311000 	
8.278490 	 76.324000 	
8.279250 	 76.337000 	
8.280120 	 76.350000 	
8.280970 	 76.363000 	
8.281850 	 76.376000 	
8.282700 	 76.389000 	
8.283550 	 76.402000 	
8.284480 	 76.416000 	
8.285330 	 76.429000 	
8.286180 	 76.442000 	
8.287030 	 76.455000 	
8.287890 	 76.468000 	
8.311960 	 76.481000 	
8.313020 	 76.494000 	
8.313950 	 76.507000 	
8.325950 	 76.520000 	
8.326800 	 76.533000 	
8.327670 	 76.546000 	
8.328520 	 76.559000 	
8.329380 	 76.572000 	
8.330230 	 76.586000 	
8.331080 	 76.599000 	
8.331940 	 76.612000 	
8.332870 	 76.625000 	
8.333930 	 76.638000 	
8.334860 	 76.651000 	
8.335860 	 76.664000 	
8.336590 	 76.677000 	
8.337420 	 76.690000 	
8.338270 	 76.703000 	
8.339130 	 76.716000 	
8.339980 	 76.729000 	
8.352860 	 76.742000 	
8.353920 	 76.755000 	
8.354850 	 76.768000 	
8.367310 	 76.781000 	
8.368230 	 76.794000 	
8.368570 	 76.807000 	
8.369430 	 76.820000 	
8.391740 	 76.833000 	
8.391800 	 76.846000 	
8.391860 	 76.859000 	
8.391920 	 76.872000 	
8.391980 	 76.885000 	
8.392120 	 76.898000 	
8.392180 	 76.911000 	
8.392270 	 76.924000 	
8.392330 	 76.937000 	
8.392390 	 76.950000 	
8.392450 	 76.963000 	
8.392530 	 76.976000 	
8.392590 	 76.989000 	
8.401420 	 77.002000 	
8.402310 	 77.015000 	
8.403180 	 77.028000 	
8.409310 	 77.041000 	
8.409370 	 77.054000 	
8.409980 	 77.067000 	
8.410840 	 77.080000 	
8.433480 	 77.093000 	
8.450430 	 77.106000 	
8.452990 	 77.119000 	
8.482680 	 77.132000 	
8.482740 	 77.145000 	
8.482810 	 77.158000 	
8.482870 	 77.171000 	
8.482930 	 77.184000 	
8.482990 	 77.197000 	
8.483130 	 77.210000 	
8.483190 	 77.223000 	
8.483280 	 77.236000 	
8.483340 	 77.249000 	
8.483400 	 77.262000 	
8.483460 	 77.275000 	
8.483520 	 77.287000 	
8.483600 	 77.300000 	
8.483660 	 77.313000 	
8.483720 	 77.326000 	
8.483780 	 77.339000 	
8.483840 	 77.352000 	
8.491330 	 77.365000 	
8.493900 	 77.378000 	
8.533360 	 77.391000 	
8.534220 	 77.404000 	
8.535070 	 77.417000 	
8.535920 	 77.430000 	
8.537910 	 77.443000 	
8.538840 	 77.456000 	
8.539760 	 77.468000 	
8.540150 	 77.481000 	
8.541080 	 77.494000 	
8.542000 	 77.507000 	
8.542870 	 77.520000 	
8.543800 	 77.533000 	
8.544650 	 77.546000 	
8.545520 	 77.559000 	
8.546380 	 77.572000 	
8.547230 	 77.585000 	
8.548080 	 77.597000 	
8.548940 	 77.610000 	
8.549790 	 77.623000 	
8.550640 	 77.636000 	
8.574570 	 77.649000 	
8.575500 	 77.662000 	
8.576680 	 77.675000 	
8.577610 	 77.688000 	
8.592400 	 77.700000 	
8.593340 	 77.713000 	
8.595280 	 77.726000 	
8.596210 	 77.739000 	
8.597220 	 77.752000 	
8.598150 	 77.765000 	
8.599090 	 77.778000 	
8.600870 	 77.790000 	
8.601480 	 77.803000 	
8.602400 	 77.816000 	
8.603330 	 77.829000 	
8.604200 	 77.842000 	
8.605050 	 77.855000 	
8.605900 	 77.868000 	
8.606760 	 77.880000 	
8.607680 	 77.893000 	
8.616190 	 77.906000 	
8.617130 	 77.919000 	
8.618130 	 77.932000 	
8.619070 	 77.945000 	
8.633300 	 77.957000 	
8.634240 	 77.970000 	
8.636180 	 77.983000 	
8.637120 	 77.996000 	
8.638120 	 78.009000 	
8.639060 	 78.022000 	
8.665090 	 78.034000 	
8.665160 	 78.047000 	
8.665220 	 78.060000 	
8.665310 	 78.073000 	
8.665370 	 78.086000 	
8.665430 	 78.098000 	
8.665560 	 78.111000 	
8.665630 	 78.124000 	
8.665690 	 78.137000 	
8.665750 	 78.150000 	
8.665880 	 78.162000 	
8.665940 	 78.175000 	
8.666020 	 78.188000 	
8.666080 	 78.201000 	
8.678410 	 78.214000 	
8.679260 	 78.226000 	
8.680110 	 78.239000 	
8.680960 	 78.252000 	
8.683310 	 78.265000 	
8.685180 	 78.277000 	
8.708510 	 78.290000 	
8.708570 	 78.303000 	
8.708630 	 78.316000 	
8.709760 	 78.329000 	
8.709840 	 78.341000 	
8.711140 	 78.354000 	
8.723780 	 78.367000 	
8.724040 	 78.380000 	
8.724100 	 78.392000 	
8.724160 	 78.405000 	
8.724220 	 78.418000 	
8.724280 	 78.431000 	
8.724340 	 78.443000 	
8.724410 	 78.456000 	
8.724470 	 78.469000 	
8.724530 	 78.482000 	
8.724590 	 78.494000 	
8.724650 	 78.507000 	
8.724710 	 78.520000 	
8.727970 	 78.533000 	
8.750460 	 78.545000 	
8.750520 	 78.558000 	
8.759390 	 78.571000 	
8.759450 	 78.584000 	
8.759510 	 78.596000 	
8.759580 	 78.609000 	
8.764680 	 78.622000 	
8.765720 	 78.634000 	
8.766720 	 78.647000 	
8.767600 	 78.660000 	
8.768520 	 78.673000 	
8.769400 	 78.685000 	
8.770250 	 78.698000 	
8.772290 	 78.711000 	
8.772350 	 78.723000 	
8.773210 	 78.736000 	
8.774130 	 78.749000 	
8.775060 	 78.761000 	
8.775930 	 78.774000 	
8.776810 	 78.787000 	
8.791360 	 78.800000 	
8.792210 	 78.812000 	
8.800300 	 78.825000 	
8.801150 	 78.838000 	
8.802000 	 78.850000 	
8.803010 	 78.863000 	
8.830070 	 78.876000 	
8.830130 	 78.888000 	
8.830190 	 78.901000 	
8.830250 	 78.914000 	
8.830460 	 78.926000 	
8.830520 	 78.939000 	
8.830590 	 78.952000 	
8.830650 	 78.964000 	
8.830710 	 78.977000 	
8.830770 	 78.990000 	
8.830830 	 79.002000 	
8.830890 	 79.015000 	
8.830950 	 79.028000 	
8.831010 	 79.040000 	
8.832920 	 79.053000 	
8.833910 	 79.066000 	
8.842540 	 79.078000 	
8.843390 	 79.091000 	
8.844260 	 79.104000 	
8.845430 	 79.116000 	
8.895810 	 79.129000 	
8.896680 	 79.141000 	
8.897560 	 79.154000 	
8.898480 	 79.167000 	
8.905810 	 79.179000 	
8.905870 	 79.192000 	
8.905930 	 79.205000 	
8.905990 	 79.217000 	
8.906050 	 79.230000 	
8.906110 	 79.243000 	
8.906170 	 79.255000 	
8.906230 	 79.268000 	
8.906430 	 79.280000 	
8.919840 	 79.293000 	
8.920780 	 79.306000 	
8.921650 	 79.318000 	
8.922520 	 79.331000 	
8.923400 	 79.343000 	
8.924250 	 79.356000 	
8.925120 	 79.369000 	
8.936710 	 79.381000 	
8.937580 	 79.394000 	
8.938460 	 79.406000 	
8.939380 	 79.419000 	
8.946710 	 79.432000 	
8.947560 	 79.444000 	
8.948420 	 79.457000 	
8.949270 	 79.469000 	
8.950120 	 79.482000 	
8.952080 	 79.495000 	
8.952140 	 79.507000 	
8.952680 	 79.520000 	
8.953530 	 79.532000 	
8.960740 	 79.545000 	
8.961680 	 79.557000 	
8.962550 	 79.570000 	
8.963420 	 79.583000 	
8.964300 	 79.595000 	
8.965150 	 79.608000 	
8.966020 	 79.620000 	
8.978060 	 79.633000 	
9.008540 	 79.645000 	
9.008600 	 79.658000 	
9.008660 	 79.670000 	
9.008720 	 79.683000 	
9.008780 	 79.696000 	
9.008850 	 79.708000 	
9.009060 	 79.721000 	
9.009120 	 79.733000 	
9.009180 	 79.746000 	
9.009240 	 79.758000 	
9.009300 	 79.771000 	
9.009360 	 79.783000 	
9.009420 	 79.796000 	
9.009490 	 79.808000 	
9.009550 	 79.821000 	
9.009610 	 79.833000 	
9.025780 	 79.846000 	
9.025840 	 79.859000 	
9.026250 	 79.871000 	
9.027180 	 79.884000 	
9.050080 	 79.896000 	
9.051390 	 79.909000 	
9.062950 	 79.921000 	
9.063890 	 79.934000 	
9.064760 	 79.946000 	
9.065630 	 79.959000 	
9.066600 	 79.971000 	
9.067430 	 79.984000 	
9.068280 	 79.996000 	
9.069140 	 80.009000 	
9.069990 	 80.021000 	
9.071030 	 80.034000 	
9.072310 	 80.046000 	
9.073160 	 80.059000 	
9.074010 	 80.071000 	
9.074860 	 80.084000 	
9.075720 	 80.096000 	
9.076640 	 80.109000 	
9.077490 	 80.121000 	
9.078350 	 80.134000 	
9.117930 	 80.146000 	
9.117990 	 80.159000 	
9.118050 	 80.171000 	
9.118110 	 80.183000 	
9.118170 	 80.196000 	
9.118230 	 80.208000 	
9.118300 	 80.221000 	
9.118360 	 80.233000 	
9.118420 	 80.246000 	
9.118480 	 80.258000 	
9.118540 	 80.271000 	
9.118600 	 80.283000 	
9.118660 	 80.296000 	
9.118720 	 80.308000 	
9.118780 	 80.321000 	
9.118840 	 80.333000 	
9.118900 	 80.345000 	
9.118960 	 80.358000 	
9.119040 	 80.370000 	
9.119890 	 80.383000 	
9.173930 	 80.395000 	
9.173990 	 80.408000 	
9.174050 	 80.420000 	
9.174110 	 80.433000 	
9.174170 	 80.445000 	
9.174230 	 80.457000 	
9.174290 	 80.470000 	
9.174360 	 80.482000 	
9.174420 	 80.495000 	
9.174480 	 80.507000 	
9.174540 	 80.520000 	
9.174600 	 80.532000 	
9.174660 	 80.544000 	
9.174720 	 80.557000 	
9.174780 	 80.569000 	
9.174840 	 80.582000 	
9.174900 	 80.594000 	
9.174960 	 80.606000 	
9.175020 	 80.619000 	
9.175640 	 80.631000 	
9.214990 	 80.644000 	
9.215920 	 80.656000 	
9.216930 	 80.668000 	
9.217900 	 80.681000 	
9.218970 	 80.693000 	
9.229880 	 80.706000 	
9.229940 	 80.718000 	
9.230000 	 80.730000 	
9.230060 	 80.743000 	
9.230120 	 80.755000 	
9.230180 	 80.768000 	
9.230250 	 80.780000 	
9.230310 	 80.792000 	
9.230370 	 80.805000 	
9.230430 	 80.817000 	
9.230490 	 80.829000 	
9.230550 	 80.842000 	
9.230610 	 80.854000 	
9.230670 	 80.867000 	
9.231480 	 80.879000 	
9.256130 	 80.891000 	
9.257130 	 80.904000 	
9.265620 	 80.916000 	
9.265680 	 80.928000 	
9.265740 	 80.941000 	
9.271630 	 80.953000 	
9.271690 	 80.965000 	
9.301450 	 80.978000 	
9.301510 	 80.990000 	
9.301570 	 81.002000 	
9.301640 	 81.015000 	
9.301700 	 81.027000 	
9.301940 	 81.039000 	
9.302210 	 81.052000 	
9.302270 	 81.064000 	
9.302330 	 81.077000 	
9.302390 	 81.089000 	
9.302450 	 81.101000 	
9.302510 	 81.114000 	
9.302570 	 81.126000 	
9.303160 	 81.138000 	
9.309860 	 81.150000 	
9.310730 	 81.163000 	
9.311660 	 81.175000 	
9.312530 	 81.187000 	
9.313460 	 81.200000 	
9.314380 	 81.212000 	
9.355280 	 81.224000 	
9.356070 	 81.237000 	
9.356920 	 81.249000 	
9.357770 	 81.261000 	
9.358630 	 81.274000 	
9.359480 	 81.286000 	
9.360350 	 81.298000 	
9.361290 	 81.311000 	
9.362160 	 81.323000 	
9.363090 	 81.335000 	
9.363960 	 81.347000 	
9.364890 	 81.360000 	
9.365740 	 81.372000 	
9.366900 	 81.384000 	
9.367540 	 81.397000 	
9.368300 	 81.409000 	
9.369150 	 81.421000 	
9.370430 	 81.433000 	
9.370880 	 81.446000 	
9.371730 	 81.458000 	
9.403680 	 81.470000 	
9.403740 	 81.483000 	
9.403800 	 81.495000 	
9.403860 	 81.507000 	
9.403920 	 81.519000 	
9.403980 	 81.532000 	
9.404040 	 81.544000 	
9.404100 	 81.556000 	
9.404160 	 81.568000 	
9.404220 	 81.581000 	
9.404870 	 81.593000 	
9.405790 	 81.605000 	
9.406640 	 81.617000 	
9.437810 	 81.630000 	
9.437870 	 81.642000 	
9.437930 	 81.654000 	
9.437990 	 81.666000 	
9.438050 	 81.679000 	
9.438110 	 81.691000 	
9.438170 	 81.703000 	
9.553010 	 81.715000 	
9.553070 	 81.728000 	
9.553130 	 81.740000 	
9.553190 	 81.752000 	
9.553250 	 81.764000 	
9.553310 	 81.777000 	
9.553370 	 81.789000 	
9.553430 	 81.801000 	
9.553490 	 81.813000 	
9.553550 	 81.825000 	
9.553610 	 81.838000 	
9.553670 	 81.850000 	
9.553740 	 81.862000 	
9.554110 	 81.874000 	
9.554170 	 81.887000 	
9.554230 	 81.899000 	
9.554290 	 81.911000 	
9.554350 	 81.923000 	
9.554410 	 81.935000 	
9.554470 	 81.948000 	
9.606680 	 81.960000 	
9.608550 	 81.972000 	
9.609480 	 81.984000 	
9.611290 	 81.996000 	
9.611370 	 82.009000 	
9.612300 	 82.021000 	
9.613220 	 82.033000 	
9.614090 	 82.045000 	
9.615060 	 82.057000 	
9.615890 	 82.070000 	
9.616770 	 82.082000 	
9.617640 	 82.094000 	
9.618510 	 82.106000 	
9.619390 	 82.118000 	
9.620310 	 82.130000 	
9.621190 	 82.143000 	
9.622040 	 82.155000 	
9.622890 	 82.167000 	
9.623740 	 82.179000 	
9.624620 	 82.191000 	
9.647930 	 82.203000 	
9.649860 	 82.216000 	
9.651010 	 82.228000 	
9.652780 	 82.240000 	
9.653040 	 82.252000 	
9.653900 	 82.264000 	
9.654750 	 82.276000 	
9.682250 	 82.289000 	
9.682320 	 82.301000 	
9.682380 	 82.313000 	
9.683250 	 82.325000 	
9.684150 	 82.337000 	
9.685020 	 82.349000 	
9.685870 	 82.361000 	
9.686730 	 82.374000 	
9.687580 	 82.386000 	
9.688430 	 82.398000 	
9.689280 	 82.410000 	
9.690210 	 82.422000 	
9.691060 	 82.434000 	
9.691920 	 82.446000 	
9.692770 	 82.459000 	
9.693620 	 82.471000 	
9.694470 	 82.483000 	
9.695330 	 82.495000 	
9.696180 	 82.507000 	
9.697390 	 82.519000 	
9.741290 	 82.531000 	
9.741350 	 82.543000 	
9.741410 	 82.556000 	
9.741470 	 82.568000 	
9.741530 	 82.580000 	
9.741590 	 82.592000 	
9.741650 	 82.604000 	
9.741710 	 82.616000 	
9.741770 	 82.628000 	
9.741830 	 82.640000 	
9.741910 	 82.652000 	
9.742400 	 82.665000 	
9.742460 	 82.677000 	
9.742520 	 82.689000 	
9.742580 	 82.701000 	
9.742640 	 82.713000 	
9.742700 	 82.725000 	
9.742780 	 82.737000 	
9.743050 	 82.749000 	
9.743110 	 82.761000 	
9.782760 	 82.773000 	
9.784080 	 82.785000 	
9.785000 	 82.797000 	
9.785930 	 82.810000 	
9.786800 	 82.822000 	
9.787650 	 82.834000 	
9.788530 	 82.846000 	
9.789400 	 82.858000 	
